MEME version 4
ALPHABET= ACGT
strands: +
Background letter frequencies:
A 0.25 C 0.25 G 0.25 T 0.25

MOTIF ALX3,ALX4,ARGFX,ARX,BARX1,BSH,BSX,DLX1,DLX2,DLX3,DLX4,DLX5,DLX6,DRGX,EMX1,EMX2,EN1,EN2,ESX1,EVX1,EVX2,GBX1,GBX2,GSC2,GSX1,GSX2,HESX1,HME1,HME2,HOXA1,HOXA2,HOXA3,HOXA4,HOXA5,HOXA6,HOXA7,HOXB1,HOXB2,HOXB3,HOXB4,HOXB5,HOXB6,HOXB7,HOXB8,HOXC4,HOXC8,HOXD3,HOXD4,HOXD8,HXA1,HXA2,HXA4,HXA5,HXA6,HXA7,HXB1,HXB2,HXB3,HXB4,HXB5,HXB6,HXB7,HXB8,HXC4,HXC8,HXD1,HXD3,HXD4,HXD8,ISX,LBX1,LBX2,LHX1,LHX2,LHX3,LHX4,LHX5,LHX6,LHX8,LHX9,LMX1A,LMX1B,MEOX1,MEOX2,MIXL1,MNX1,MSX1,MSX2,NKX6-1,NKX6-2,NKX6-3,NKX61,NKX62,NKX63,NOTO,PAX4,PDX1,PHX2A,PHX2B,PO3F1,PO3F2,PO3F3,PO6F1,PO6F2,POU6F1,POU6F2,PROP1,PRRX1,PRRX2,RAX,RAX2,RX,SHOX,SHOX2,SKOR1,SKOR2,TLX2,UNC4,UNCX,VAX1,VAX2,VENTX,VSX1,VSX2
letter-probability matrix: alength= 4 w= 29
0.264669 0.223036 0.181745 0.330550
0.290444 0.142432 0.084875 0.482249
0.514223 0.113783 0.080122 0.291871
0.477303 0.103701 0.067777 0.351220
0.404476 0.077285 0.044201 0.474038
0.477033 0.045184 0.063028 0.414755
0.468205 0.055041 0.110710 0.366044
0.222229 0.060074 0.109795 0.607903
0.199125 0.140266 0.180646 0.479962
0.308519 0.327934 0.199614 0.163934
0.286894 0.223404 0.407723 0.081980
0.063959 0.401446 0.123383 0.411213
0.016681 0.032396 0.006476 0.944447
0.945087 0.021886 0.020174 0.012853
0.991482 0.002581 0.002849 0.003088
0.005820 0.019588 0.011398 0.963194
0.016637 0.041094 0.157549 0.784719
0.688999 0.013802 0.271867 0.025333
0.184208 0.307087 0.423753 0.084952
0.200275 0.313865 0.184555 0.301304
0.107825 0.174245 0.167133 0.550797
0.327361 0.157453 0.092983 0.422203
0.594095 0.092789 0.079726 0.233390
0.345728 0.089153 0.072184 0.492935
0.440988 0.065569 0.049438 0.444005
0.470208 0.049801 0.077197 0.402794
0.291286 0.087618 0.110466 0.510630
0.178472 0.116202 0.222317 0.483010
0.225859 0.180538 0.389019 0.204584

MOTIF EHF,ELF1,ELF2,ELF3,ELF4,ELF5,ELK1,ELK3,ELK4,ERF,ERG,ETS1,ETS2,ETV1,ETV2,ETV3,ETV4,ETV5,ETV6,ETV7,FEV,FLI1,GABPA,IKZF2,SPI1,SPIB,ZBTB11,ZBTB7A,ZNF175
letter-probability matrix: alength= 4 w= 23
0.309187 0.196670 0.281535 0.212607
0.270714 0.196927 0.343355 0.189005
0.295361 0.175072 0.384691 0.144876
0.485502 0.124385 0.211812 0.178301
0.675327 0.060999 0.115585 0.148089
0.620322 0.121608 0.172905 0.085165
0.063383 0.777797 0.137522 0.021297
0.306280 0.667155 0.018234 0.008331
0.004159 0.002450 0.987524 0.005868
0.004504 0.002341 0.987853 0.005301
0.986847 0.005068 0.004342 0.003743
0.921570 0.007910 0.006060 0.064461
0.158699 0.026266 0.808846 0.006188
0.039106 0.142840 0.047846 0.770209
0.217733 0.106773 0.577525 0.097969
0.330164 0.187510 0.382372 0.099954
0.287689 0.223001 0.279284 0.210025
0.256139 0.138903 0.205703 0.399255
0.181303 0.422678 0.275923 0.120096
0.148210 0.484518 0.225596 0.141676
0.194948 0.167071 0.437906 0.200075
0.187372 0.252235 0.371479 0.188913
0.228375 0.257041 0.243663 0.270921

MOTIF ARNT,ARNT2,BHE40,BHE41,BHLHE40,BHLHE41,BMAL1,CLOCK,HES1,HES2,HES5,HES6,HEY1,HEY2,MAX,MGAP,MITF,MLX,MLXIP,MLXIPL,MLXPL,MNT,MXI1,MYC,MYCN,SOHLH2,SREBF1,SREBF2,TFE3,TFEB,TFEC,USF1,USF2,USF3
letter-probability matrix: alength= 4 w= 25
0.207529 0.263264 0.297026 0.232181
0.206190 0.145096 0.346061 0.302653
0.094319 0.683816 0.123258 0.098607
0.640943 0.159700 0.137192 0.062165
0.157556 0.686495 0.074491 0.081458
0.085110 0.164231 0.685863 0.064796
0.086352 0.125608 0.174181 0.613859
0.085673 0.091900 0.634671 0.187756
0.197155 0.287927 0.262991 0.251927
0.297693 0.173221 0.217224 0.311862
0.281536 0.102085 0.427741 0.188638
0.259923 0.066529 0.632186 0.041362
0.106277 0.161311 0.149211 0.583201
0.009550 0.982442 0.004684 0.003325
0.945278 0.008088 0.033256 0.013378
0.002686 0.953311 0.010364 0.033639
0.064020 0.017866 0.916537 0.001577
0.011347 0.022071 0.005311 0.961271
0.003548 0.004533 0.981616 0.010303
0.516465 0.229974 0.147493 0.106068
0.057684 0.522798 0.091599 0.327919
0.172773 0.417698 0.177745 0.231784
0.287961 0.214239 0.141936 0.355863
0.256778 0.239742 0.223812 0.279668
0.277738 0.228585 0.229706 0.263971

MOTIF EGR4,KLF1,KLF10,KLF11,KLF12,KLF13,KLF14,KLF15,KLF16,KLF17,KLF2,KLF3,KLF4,KLF5,KLF6,KLF7,KLF8,KLF9,MAZ,PATZ1,SALL1,SALL4,SP1,SP2,SP3,SP4,SP5,SP8,SP9,VEZF1,ZBTB8A,ZNF684
letter-probability matrix: alength= 4 w= 35
0.072144 0.671343 0.102204 0.154309
0.124248 0.496994 0.125251 0.253507
0.060120 0.554108 0.126253 0.259519
0.070400 0.613594 0.135359 0.180647
0.105663 0.593193 0.133501 0.167642
0.142526 0.515678 0.161090 0.180707
0.075321 0.582161 0.169905 0.172613
0.078600 0.522655 0.144750 0.253995
0.054681 0.620560 0.126648 0.198111
0.095537 0.614090 0.118556 0.171817
0.309141 0.331175 0.117333 0.242351
0.259520 0.161178 0.422476 0.156826
0.186120 0.119353 0.612815 0.081712
0.074276 0.819867 0.030882 0.074976
0.046411 0.844510 0.015082 0.093996
0.438188 0.522256 0.024989 0.014568
0.010095 0.970613 0.003090 0.016201
0.143235 0.006422 0.751548 0.098794
0.003594 0.980691 0.008452 0.007263
0.008305 0.975763 0.009393 0.006539
0.009497 0.908175 0.005762 0.076567
0.269233 0.539860 0.026676 0.164232
0.071967 0.622583 0.066605 0.238845
0.174342 0.326426 0.087627 0.411605
0.151378 0.278902 0.129886 0.439834
0.156259 0.478321 0.155732 0.209688
0.148175 0.318093 0.167377 0.366355
0.130620 0.302648 0.371884 0.194848
0.110229 0.399691 0.362723 0.127357
0.099928 0.399560 0.344034 0.156478
0.095205 0.652111 0.106871 0.145812
0.099320 0.585924 0.092680 0.222076
0.087525 0.510060 0.078471 0.323944
0.193159 0.459759 0.096579 0.250503
0.134809 0.480885 0.155936 0.228370

MOTIF ASCL1,ASCL2,ATOH1,ATOH8,BHA15,BHLHA15,BHLHA9,BHLHE22,FIGLA,HAND2,HEN1,HEN2,HTF4,ITF2,MSGN1,MYF5,MYF6,MYOD1,MYOG,NDF1,NDF2,NEUROD1,NEUROG2,NGN2,NHLH1,NHLH2,OLIG2,PTF1A,TAL1,TCF21,TCF3,TCF4,TFAP4,TFE2,TFEC,TWIST1,TWST1,TWST2,ZBTB18,ZBTB42
letter-probability matrix: alength= 4 w= 24
0.216982 0.243972 0.221169 0.317877
0.163490 0.444305 0.253210 0.138996
0.395867 0.079729 0.319838 0.204566
0.149305 0.158072 0.570453 0.122170
0.387146 0.272846 0.218499 0.121509
0.311670 0.185774 0.177404 0.325152
0.250352 0.167593 0.393461 0.188594
0.227881 0.095437 0.538685 0.137996
0.188887 0.093523 0.578267 0.139323
0.394147 0.137345 0.296023 0.172485
0.394793 0.234230 0.266750 0.104227
0.315277 0.232859 0.405502 0.046362
0.006809 0.985382 0.004263 0.003547
0.982006 0.003960 0.005203 0.008831
0.007065 0.043890 0.907905 0.041140
0.322443 0.499028 0.168164 0.010365
0.017045 0.013557 0.009734 0.959664
0.006184 0.004305 0.977650 0.011862
0.063159 0.230664 0.332801 0.373376
0.057556 0.160816 0.368778 0.412850
0.153776 0.276196 0.323317 0.246711
0.115318 0.615193 0.081918 0.187572
0.198608 0.519495 0.104246 0.177650
0.193924 0.455533 0.124274 0.226268

MOTIF FOXA1,FOXA2,FOXA3,FOXC1,FOXC2,FOXD1,FOXD2,FOXD3,FOXF1,FOXF2,FOXG1,FOXI1,FOXJ2,FOXJ3,FOXK1,FOXK2,FOXL1,FOXL2,FOXM1,FOXN3,FOXO1,FOXO3,FOXO4,FOXO6,FOXP1,FOXP2,FOXP3,FOXP4,FOXS1
letter-probability matrix: alength= 4 w= 24
0.220713 0.156904 0.419118 0.203265
0.149244 0.260149 0.234759 0.355847
0.201288 0.269872 0.260637 0.268203
0.202953 0.361337 0.118068 0.317643
0.442239 0.054200 0.034079 0.469483
0.599245 0.089621 0.226748 0.084386
0.345155 0.111720 0.177672 0.365454
0.179712 0.021218 0.784299 0.014770
0.040479 0.049935 0.018342 0.891244
0.900058 0.082070 0.007047 0.010824
0.946720 0.034290 0.008616 0.010373
0.967583 0.009854 0.013522 0.009041
0.009457 0.875498 0.011733 0.103312
0.963225 0.007587 0.011955 0.017233
0.519128 0.105904 0.132873 0.242095
0.407891 0.176453 0.229060 0.186596
0.376367 0.186406 0.286331 0.150896
0.682995 0.136627 0.094219 0.086159
0.383565 0.508893 0.022822 0.084720
0.582440 0.312348 0.030809 0.074403
0.557112 0.235631 0.072698 0.134559
0.415733 0.187896 0.198125 0.198246
0.255784 0.256880 0.298039 0.189296
0.275146 0.243850 0.298039 0.182964

MOTIF BCL11A,COT1,COT2,ESR1,ESR2,NR1D2,NR1H2,NR1H3,NR1H4,NR2C1,NR2C2,NR2F1,NR2F2,NR2F6,NR4A2,RARA,RARB,RARG,RORA,RORB,RXRA,RXRB,RXRG,THA,THB
letter-probability matrix: alength= 4 w= 29
0.300953 0.251100 0.179252 0.268695
0.167889 0.132698 0.367302 0.332111
0.256219 0.140079 0.344277 0.259425
0.256724 0.117948 0.520917 0.104411
0.225785 0.071281 0.561801 0.141134
0.311875 0.087783 0.501523 0.098819
0.336902 0.182692 0.307635 0.172771
0.169807 0.326411 0.351606 0.152176
0.191787 0.289124 0.378578 0.140511
0.179300 0.135267 0.258241 0.427193
0.469341 0.278218 0.101861 0.150581
0.419273 0.214834 0.117953 0.247940
0.380780 0.159490 0.110090 0.349640
0.450088 0.066564 0.323604 0.159744
0.753344 0.011023 0.212857 0.022775
0.008744 0.003293 0.964380 0.023582
0.011342 0.005316 0.929185 0.054157
0.014684 0.016695 0.035989 0.932632
0.007862 0.931361 0.026042 0.034735
0.926679 0.007344 0.056468 0.009509
0.318838 0.226231 0.307451 0.147480
0.269742 0.117367 0.449431 0.163459
0.163876 0.086836 0.654556 0.094732
0.175795 0.112538 0.518115 0.193552
0.132438 0.310628 0.393687 0.163247
0.373832 0.304478 0.183700 0.137990
0.142214 0.485582 0.179089 0.193115
0.138554 0.587755 0.091404 0.182287
0.114039 0.335107 0.122430 0.428423

MOTIF CDX1,CDX2,CDX4,HOXA9,HOXB9,HOXC10,HOXC11,HOXC12,HOXC13,HOXC9,HOXD10,HOXD11,HOXD12,HXA10,HXA11,HXA13,HXA9,HXB13,HXB9,HXC10,HXC11,HXC12,HXC13,HXC9,HXD10,HXD11,HXD12,HXD13,HXD9,ZNF703
letter-probability matrix: alength= 4 w= 21
0.249863 0.277295 0.325062 0.147780
0.435164 0.158966 0.222334 0.183536
0.241154 0.171072 0.478956 0.108818
0.185207 0.288302 0.517380 0.009112
0.013226 0.075099 0.008020 0.903655
0.042248 0.938432 0.004789 0.014530
0.304284 0.001272 0.691313 0.003130
0.001851 0.002810 0.001453 0.993885
0.766555 0.003506 0.002985 0.226954
0.980762 0.004898 0.003053 0.011287
0.928652 0.027673 0.008106 0.035569
0.666855 0.112708 0.072456 0.147981
0.224896 0.376831 0.120036 0.278238
0.219390 0.171197 0.120096 0.489317
0.136087 0.113455 0.175456 0.575002
0.274572 0.080750 0.102060 0.542618
0.588295 0.072696 0.077998 0.261011
0.339927 0.220840 0.107769 0.331464
0.198308 0.167720 0.340232 0.293740
0.259074 0.149878 0.366130 0.224918
0.233152 0.248037 0.294428 0.224383

MOTIF ATF3,BACH1,BACH2,BATF,BATF3,BNC2,FOS,FOSB,FOSL1,FOSL2,JDP2,JUN,JUNB,JUND,MAFK,NFE2
letter-probability matrix: alength= 4 w= 23
0.382569 0.165051 0.228841 0.223539
0.429159 0.126675 0.157560 0.286606
0.498683 0.107805 0.187008 0.206504
0.173120 0.130572 0.211779 0.484529
0.105440 0.132314 0.657557 0.104688
0.519037 0.294489 0.156179 0.030296
0.012105 0.006385 0.006084 0.975427
0.009366 0.010462 0.928594 0.051578
0.960351 0.015424 0.005059 0.019166
0.048457 0.282338 0.645148 0.024057
0.010949 0.007718 0.008210 0.973124
0.034931 0.951783 0.006632 0.006654
0.983613 0.004360 0.005311 0.006716
0.026048 0.213219 0.082201 0.678531
0.177055 0.313477 0.286507 0.222962
0.305395 0.276445 0.173317 0.244843
0.100346 0.162239 0.060130 0.677284
0.221820 0.140343 0.217182 0.420655
0.445099 0.145587 0.183062 0.226253
0.223671 0.248472 0.342168 0.185688
0.641914 0.153871 0.090514 0.113701
0.235594 0.317298 0.261213 0.185895
0.236000 0.239000 0.100000 0.425000

MOTIF SOX10,SOX11,SOX12,SOX13,SOX15,SOX17,SOX18,SOX2,SOX3,SOX30,SOX4,SOX5,SOX6,SOX7,SOX8,SOX9,SRY
letter-probability matrix: alength= 4 w= 27
0.330033 0.198020 0.240924 0.231023
0.483531 0.111734 0.204679 0.200057
0.594035 0.116318 0.136777 0.152870
0.503386 0.322816 0.093568 0.080231
0.649037 0.248324 0.049817 0.052822
0.682431 0.136259 0.098720 0.082590
0.516722 0.106941 0.103370 0.272967
0.426174 0.084795 0.264738 0.224293
0.372523 0.110085 0.324337 0.193054
0.206794 0.144974 0.272808 0.375424
0.119301 0.289874 0.286592 0.304233
0.051277 0.583353 0.173486 0.191885
0.038003 0.736576 0.024097 0.201324
0.749810 0.012864 0.009770 0.227556
0.007822 0.017405 0.016631 0.958141
0.008891 0.004246 0.007084 0.979780
0.026695 0.028619 0.938066 0.006620
0.034040 0.007780 0.008906 0.949274
0.070150 0.166256 0.086873 0.676721
0.165391 0.394871 0.064038 0.375699
0.127995 0.166047 0.167014 0.538944
0.105109 0.255086 0.433500 0.206304
0.191330 0.405238 0.160353 0.243079
0.506039 0.131952 0.128563 0.233447
0.536283 0.122712 0.169030 0.171975
0.648703 0.130739 0.085828 0.134731
0.209581 0.160679 0.156687 0.473054

MOTIF ATF2,ATF3,ATF4,ATF6A,ATF7,BACH2,BATF2,BATF3,CREB1,CREB3L4,CREB5,CREM,FOS,FOSB,JDP2,JUN,JUNB,JUND
letter-probability matrix: alength= 4 w= 20
0.554518 0.099688 0.155763 0.190031
0.553373 0.066303 0.117904 0.262420
0.560310 0.084754 0.203136 0.151799
0.120969 0.231822 0.215143 0.432066
0.139304 0.116558 0.661871 0.082267
0.762694 0.036109 0.190521 0.010676
0.008744 0.010634 0.007770 0.972853
0.013780 0.012673 0.938716 0.034831
0.974486 0.005971 0.011991 0.007552
0.006196 0.828586 0.033380 0.131839
0.028881 0.014164 0.947769 0.009186
0.017178 0.036128 0.007581 0.939113
0.120024 0.840033 0.029923 0.010021
0.959313 0.011646 0.017040 0.012002
0.018486 0.246327 0.066439 0.668748
0.130494 0.524555 0.220597 0.124354
0.419506 0.118121 0.382215 0.080158
0.200346 0.083763 0.011560 0.704331
0.250794 0.028571 0.009524 0.711111
0.236760 0.102804 0.143302 0.517134

MOTIF EOMES,MGA,TBR1,TBX1,TBX15,TBX18,TBX19,TBX2,TBX20,TBX21,TBX3,TBX4,TBX5,TBX6,TBXT,ZNF18,ZSCAN4
letter-probability matrix: alength= 4 w= 29
0.230766 0.272440 0.221148 0.275646
0.228160 0.274844 0.157519 0.339477
0.157958 0.325054 0.234172 0.282816
0.189707 0.275364 0.238740 0.296189
0.242714 0.220315 0.297501 0.239469
0.179644 0.248651 0.330557 0.241148
0.249998 0.203078 0.331634 0.215290
0.460745 0.085128 0.252592 0.201535
0.805916 0.020535 0.124174 0.049375
0.078910 0.061886 0.814076 0.045128
0.006235 0.009508 0.979199 0.005058
0.004125 0.068278 0.007014 0.920584
0.004611 0.002372 0.990870 0.002147
0.048671 0.101235 0.028922 0.821172
0.024552 0.085308 0.761072 0.129068
0.918762 0.013937 0.043743 0.023558
0.678406 0.075323 0.113591 0.132679
0.325548 0.246714 0.239436 0.188302
0.245697 0.098783 0.277108 0.378411
0.131807 0.219181 0.200858 0.448154
0.117620 0.094338 0.552826 0.235216
0.225869 0.274197 0.168250 0.331685
0.459405 0.151830 0.219200 0.169565
0.261786 0.536178 0.116715 0.085322
0.558226 0.150546 0.207309 0.083918
0.079887 0.707787 0.102280 0.110047
0.072273 0.506678 0.200159 0.220890
0.107216 0.163696 0.107379 0.621709
0.214673 0.278227 0.183304 0.323796

MOTIF CRX,DMBX1,DPRX,GSC,GSC2,LEUTX,OTX1,OTX2,PITX1,PITX2,PITX3,RHXF2,TPRX1
letter-probability matrix: alength= 4 w= 29
0.260213 0.168998 0.369334 0.201455
0.240767 0.146195 0.331981 0.281058
0.277560 0.108002 0.248461 0.365976
0.313934 0.082261 0.104085 0.499720
0.402350 0.008954 0.022384 0.566312
0.648013 0.076665 0.008954 0.266368
0.500280 0.247902 0.011192 0.240627
0.147174 0.340795 0.044208 0.467823
0.134163 0.628440 0.118685 0.118712
0.192672 0.411963 0.203680 0.191685
0.196178 0.309671 0.366061 0.128089
0.127486 0.284082 0.090385 0.498048
0.026052 0.004926 0.004458 0.964564
0.956207 0.004505 0.023575 0.015713
0.991320 0.001640 0.001655 0.005385
0.004969 0.005017 0.065358 0.924656
0.016410 0.939617 0.019193 0.024780
0.027333 0.830546 0.050758 0.091363
0.106623 0.321405 0.363136 0.208835
0.270585 0.351103 0.109863 0.268449
0.121037 0.083563 0.079448 0.715952
0.181613 0.090865 0.109779 0.617744
0.558861 0.077598 0.109355 0.254185
0.396702 0.061869 0.071218 0.470211
0.363229 0.273543 0.033632 0.329596
0.255605 0.381166 0.044843 0.318386
0.181614 0.488789 0.136771 0.192825
0.144058 0.437780 0.227018 0.191143
0.144619 0.397982 0.274664 0.182735

MOTIF ARI1A,CDX1,CDX2,CDX4,CPEB1,HOXA10,HOXA13,HOXB13,HOXD13,HOXD9,HXA11,HXA13,HXA9,HXB13,HXD13,ZNF703
letter-probability matrix: alength= 4 w= 18
0.452446 0.150206 0.162551 0.234797
0.498180 0.112273 0.180240 0.209307
0.539108 0.101487 0.157686 0.201719
0.571405 0.114905 0.175691 0.137999
0.496541 0.122638 0.227500 0.153321
0.290505 0.114864 0.421075 0.173556
0.104686 0.284845 0.576256 0.034213
0.023822 0.638346 0.007495 0.330336
0.542232 0.389323 0.012087 0.056359
0.923220 0.010846 0.046818 0.019116
0.006180 0.002722 0.004620 0.986478
0.912396 0.007810 0.010479 0.069315
0.979306 0.002909 0.004357 0.013427
0.970084 0.014091 0.005721 0.010104
0.770874 0.095105 0.057340 0.076681
0.338739 0.342594 0.103228 0.215440
0.307790 0.267308 0.181327 0.243575
0.293649 0.252463 0.170223 0.283665

MOTIF P5F1B,PO2F1,PO2F2,PO3F1,PO3F2,PO3F3,PO3F4,PO5F1,POU1F1,POU2F1,POU2F2,POU2F3,POU3F1,POU3F2,POU3F3,POU3F4,POU5F1,POU5F1B,VENTX
letter-probability matrix: alength= 4 w= 19
0.406736 0.193958 0.211868 0.187438
0.207010 0.436853 0.232278 0.123859
0.059988 0.646346 0.100094 0.193573
0.083686 0.047263 0.053475 0.815576
0.526342 0.353670 0.055582 0.064406
0.892504 0.026986 0.020704 0.059806
0.010561 0.008874 0.006272 0.974293
0.081763 0.034209 0.012544 0.871485
0.255493 0.003389 0.003993 0.737125
0.119833 0.034781 0.808605 0.036782
0.044261 0.932941 0.007344 0.015454
0.965803 0.011634 0.012894 0.009669
0.009781 0.009432 0.007672 0.973114
0.835687 0.023541 0.072559 0.068213
0.452382 0.120298 0.044338 0.382982
0.185449 0.130075 0.176113 0.508363
0.092810 0.423567 0.119675 0.363948
0.530540 0.107355 0.123509 0.238597
0.493253 0.140930 0.068966 0.296852

MOTIF GATA1,GATA2,GATA3,GATA4,GATA5,GATA6,GATAD2A,TAL1,TRPS1,ZFPM1,ZNFPM1
letter-probability matrix: alength= 4 w= 25
0.358219 0.129452 0.172146 0.340183
0.267427 0.188043 0.293147 0.251383
0.269990 0.184123 0.191483 0.354403
0.446731 0.143821 0.124323 0.285125
0.052936 0.310860 0.140173 0.496031
0.043285 0.714964 0.155126 0.086625
0.021239 0.040316 0.013955 0.924489
0.035925 0.010530 0.009118 0.944427
0.980283 0.006230 0.006618 0.006869
0.005569 0.007069 0.003623 0.983739
0.004077 0.983892 0.004514 0.007517
0.212574 0.019862 0.047552 0.720013
0.091155 0.326613 0.408622 0.173610
0.227053 0.282399 0.148352 0.342196
0.173999 0.323368 0.232492 0.270141
0.164158 0.306095 0.203772 0.325974
0.181295 0.319537 0.180016 0.319152
0.213676 0.303830 0.193506 0.288987
0.244437 0.308288 0.203275 0.244000
0.171514 0.430650 0.265751 0.132085
0.346571 0.424409 0.165884 0.063136
0.455469 0.135933 0.118402 0.290197
0.082047 0.443578 0.137656 0.336719
0.077951 0.416481 0.024499 0.481069
0.149220 0.173719 0.097996 0.579065

MOTIF ASCL1,HAND2,ITF2,PRD13,PRDM13,SNAI1,SNAI2,SNAI3,TCF12,TCF3,TCF4,ZEB1,ZEB2
letter-probability matrix: alength= 4 w= 13
0.268673 0.320692 0.247493 0.163143
0.117036 0.444542 0.163524 0.274897
0.240127 0.265376 0.416915 0.077582
0.015346 0.931984 0.012106 0.040563
0.960971 0.009234 0.018665 0.011129
0.006549 0.961630 0.020015 0.011807
0.012081 0.947240 0.022720 0.017958
0.026727 0.019514 0.013510 0.940249
0.016396 0.014501 0.954013 0.015089
0.033919 0.629549 0.055033 0.281498
0.184448 0.368415 0.120374 0.326763
0.206568 0.354162 0.283689 0.155580
0.152955 0.315672 0.211844 0.319529

MOTIF ATOH1,ATOH7,BHA15,BHE22,BHE23,BHLHA15,BHLHE22,BHLHE23,MESP2,MSGN1,MUSC,NDF1,NDF2,NEUROD2,NEUROG1,NEUROG2,NGN1,NGN2,OLIG1,OLIG2,OLIG3,TCF21
letter-probability matrix: alength= 4 w= 18
0.316436 0.195400 0.252121 0.236043
0.329500 0.187919 0.292876 0.189705
0.329750 0.219921 0.265372 0.184957
0.291603 0.109022 0.455151 0.144225
0.135009 0.392519 0.155933 0.316539
0.625100 0.039603 0.290253 0.045044
0.327674 0.565975 0.098141 0.008211
0.005916 0.990424 0.003399 0.000261
0.958965 0.000730 0.031565 0.008740
0.001080 0.016770 0.018676 0.963475
0.942670 0.032203 0.011098 0.014029
0.007245 0.039709 0.001735 0.951312
0.002443 0.006331 0.967352 0.023873
0.013953 0.162955 0.370237 0.452856
0.043890 0.269023 0.031684 0.655403
0.211033 0.273083 0.280458 0.235425
0.168174 0.441633 0.169517 0.220676
0.267752 0.313580 0.216918 0.201750

MOTIF CUX1,CUX2,HNF6,ONEC2,ONEC3,ONECUT1,ONECUT2,ONECUT3,ZBTB17
letter-probability matrix: alength= 4 w= 21
0.264940 0.296813 0.205179 0.233068
0.228088 0.379482 0.188247 0.204183
0.410359 0.219124 0.219124 0.151394
0.294821 0.163347 0.199203 0.342629
0.119522 0.326693 0.231076 0.322709
0.408445 0.199190 0.206176 0.186188
0.653759 0.087688 0.168555 0.089997
0.468003 0.114245 0.092379 0.325373
0.313054 0.231270 0.060166 0.395510
0.695644 0.013620 0.264247 0.026490
0.963078 0.003796 0.026761 0.006366
0.003148 0.008712 0.003105 0.985034
0.003630 0.985904 0.003372 0.007094
0.458280 0.006018 0.530757 0.004946
0.989376 0.003077 0.003921 0.003626
0.004895 0.005389 0.003355 0.986362
0.776074 0.060404 0.068797 0.094725
0.476800 0.235569 0.115117 0.172514
0.242833 0.210263 0.151128 0.395776
0.237304 0.183736 0.240464 0.338497
0.320352 0.190408 0.180106 0.309134

MOTIF MEIS1,MEIS2,MEIS3,PBX1,PBX2,PKNX1,PKNX2,TF2LX,TF2LY,TGIF1,TGIF2
letter-probability matrix: alength= 4 w= 21
0.264356 0.201465 0.309139 0.225040
0.522051 0.098993 0.230382 0.148574
0.236059 0.109373 0.206252 0.448316
0.031824 0.027779 0.022552 0.917845
0.002389 0.005614 0.988225 0.003772
0.960282 0.005395 0.027988 0.006335
0.004322 0.983732 0.005168 0.006778
0.943856 0.001837 0.037363 0.016944
0.035819 0.046237 0.851885 0.066059
0.066507 0.577004 0.312255 0.044233
0.034970 0.116344 0.059289 0.789397
0.093662 0.059286 0.711947 0.135104
0.132857 0.086333 0.141166 0.639644
0.092897 0.647868 0.107529 0.151706
0.576043 0.141723 0.150454 0.131781
0.425744 0.227255 0.157136 0.189865
0.377117 0.211546 0.235581 0.175756
0.235689 0.309928 0.266995 0.187388
0.200805 0.218694 0.241503 0.338998
0.186382 0.229316 0.277169 0.307133
0.188842 0.239826 0.296176 0.275157

MOTIF CEBPA,CEBPB,CEBPD,CEBPE,CEBPG,HLF
letter-probability matrix: alength= 4 w= 14
0.271896 0.203048 0.250590 0.274465
0.125614 0.156395 0.341049 0.376942
0.605564 0.076377 0.304567 0.013492
0.005435 0.003579 0.002743 0.988244
0.002878 0.001120 0.022757 0.973245
0.125089 0.005566 0.797919 0.071426
0.006323 0.964517 0.006949 0.022211
0.238065 0.019362 0.715217 0.027355
0.065529 0.703228 0.005672 0.225572
0.874237 0.115905 0.004566 0.005292
0.975021 0.006041 0.008877 0.010060
0.023891 0.311255 0.083183 0.581671
0.347071 0.332096 0.110742 0.210092
0.252010 0.256404 0.209747 0.281839

MOTIF ETV7,NFAC1,NFAC2,NFAC3,NFAC4,NFAT5,NFATC2,NFATC3,NFATC4,SPI1,SPIB
letter-probability matrix: alength= 4 w= 27
0.242897 0.181392 0.221667 0.354043
0.171228 0.155971 0.189321 0.483480
0.125123 0.106018 0.129693 0.639166
0.111148 0.067810 0.076550 0.744492
0.086231 0.354117 0.068884 0.490768
0.077421 0.680282 0.060358 0.181939
0.202771 0.438105 0.206235 0.152890
0.194838 0.246640 0.362707 0.195815
0.147170 0.301215 0.254134 0.297481
0.528839 0.112471 0.111855 0.246835
0.603703 0.065402 0.284168 0.046727
0.102187 0.362055 0.040660 0.495098
0.010436 0.002584 0.981696 0.005283
0.007326 0.002329 0.983558 0.006788
0.977542 0.006818 0.013442 0.002199
0.973683 0.001468 0.018287 0.006562
0.835255 0.063759 0.062928 0.038058
0.543686 0.195515 0.155299 0.105500
0.328275 0.090408 0.073603 0.507714
0.191152 0.204802 0.136612 0.467434
0.179627 0.227087 0.094501 0.498785
0.112448 0.301350 0.422862 0.163339
0.688188 0.067874 0.104849 0.139089
0.171197 0.311317 0.429849 0.087637
0.144396 0.105941 0.092934 0.656728
0.191366 0.577439 0.123972 0.107223
0.639376 0.099168 0.127037 0.134419

MOTIF IRF1,IRF2,IRF3,IRF4,IRF7,IRF8,IRF9,STAT1,STAT2
letter-probability matrix: alength= 4 w= 25
0.202708 0.269836 0.345742 0.181714
0.156821 0.310197 0.404281 0.128700
0.324751 0.026899 0.567691 0.080659
0.550076 0.036835 0.354297 0.058791
0.664679 0.055526 0.155290 0.124505
0.813368 0.044617 0.059406 0.082608
0.351195 0.218704 0.251883 0.178218
0.080758 0.580004 0.237407 0.101831
0.084435 0.020199 0.881766 0.013600
0.908385 0.005798 0.080438 0.005379
0.962572 0.003770 0.009677 0.023981
0.973818 0.008726 0.006404 0.011052
0.081182 0.592931 0.307367 0.018519
0.031222 0.546280 0.034288 0.388210
0.019514 0.003391 0.975381 0.001714
0.973923 0.006551 0.016501 0.003025
0.966031 0.005682 0.013282 0.015005
0.978286 0.003894 0.006750 0.011071
0.026909 0.705091 0.257289 0.010711
0.070010 0.303960 0.039176 0.586853
0.335520 0.100245 0.437365 0.126870
0.574895 0.095541 0.162659 0.166905
0.525556 0.107555 0.147208 0.219681
0.543457 0.143808 0.142126 0.170609
0.240561 0.467933 0.125134 0.166373

MOTIF MAF,MAFA,MAFB,MAFF,MAFG,MAFK,NRL
letter-probability matrix: alength= 4 w= 25
0.461286 0.179606 0.184331 0.174777
0.567323 0.093937 0.136037 0.202703
0.632966 0.050709 0.053228 0.263097
0.433491 0.109921 0.108136 0.348451
0.267608 0.187506 0.169677 0.375209
0.122887 0.167043 0.143441 0.566629
0.075492 0.166148 0.704235 0.054124
0.161909 0.650921 0.043423 0.143746
0.113958 0.134790 0.070700 0.680553
0.188505 0.074775 0.614315 0.122405
0.559671 0.203975 0.087711 0.148642
0.092191 0.158891 0.724882 0.024036
0.014057 0.007518 0.009488 0.968938
0.035445 0.952816 0.003686 0.008053
0.978219 0.002490 0.007492 0.011799
0.005998 0.002909 0.949937 0.041156
0.003242 0.985506 0.006183 0.005069
0.852157 0.012170 0.091830 0.043843
0.271494 0.157945 0.158118 0.412442
0.341131 0.069322 0.073262 0.516286
0.284994 0.074342 0.049716 0.590947
0.214330 0.155884 0.064296 0.565489
0.197412 0.227028 0.142872 0.432689
0.251870 0.211327 0.181096 0.355706
0.301674 0.194511 0.191093 0.312722

MOTIF AHR,AHRR,ARNT,ARNT2,CR3L2,CR3L4,EPAS1,HES7,HIF1A,HIF3A,NPAS3,NPAS4,SOLH2,SRBP1
letter-probability matrix: alength= 4 w= 21
0.096680 0.520887 0.137707 0.244726
0.200360 0.227999 0.457620 0.114022
0.088207 0.204579 0.152086 0.555128
0.073254 0.160904 0.672017 0.093825
0.330873 0.355343 0.170703 0.143081
0.174479 0.231049 0.212202 0.382270
0.105656 0.259974 0.352934 0.281435
0.118997 0.598844 0.216549 0.065610
0.228268 0.390336 0.157572 0.223824
0.285684 0.190636 0.192578 0.331102
0.192458 0.195013 0.474403 0.138126
0.096190 0.173116 0.470704 0.259991
0.006295 0.990763 0.000970 0.001972
0.995186 0.001557 0.001877 0.001380
0.003597 0.970318 0.007536 0.018550
0.029275 0.010235 0.954022 0.006468
0.063135 0.218540 0.033903 0.684422
0.404268 0.180350 0.300372 0.115010
0.164531 0.448976 0.211055 0.175439
0.187870 0.368831 0.201111 0.242188
0.235747 0.443666 0.179016 0.141570

MOTIF COT1,NR2C2,NR2F1,NR2F6,PPARD,RXRA,RXRB,RXRG,THB,THRB
letter-probability matrix: alength= 4 w= 19
0.165488 0.360774 0.227441 0.246296
0.141751 0.481818 0.142424 0.234007
0.157913 0.436013 0.172062 0.234011
0.300760 0.142997 0.246855 0.309388
0.013890 0.130807 0.019134 0.836168
0.088689 0.039723 0.861894 0.009694
0.931524 0.048504 0.016654 0.003318
0.091690 0.900376 0.001565 0.006369
0.004269 0.989407 0.001476 0.004847
0.002120 0.116688 0.002176 0.879016
0.046755 0.156311 0.007797 0.789137
0.025984 0.043918 0.017306 0.912792
0.101129 0.058428 0.808526 0.031917
0.859368 0.081191 0.043509 0.015932
0.125160 0.825747 0.022385 0.026707
0.042750 0.904388 0.025487 0.027376
0.029886 0.491169 0.028037 0.450908
0.073293 0.479902 0.137036 0.309769
0.176820 0.221230 0.265942 0.336008

MOTIF NFYA,NFYB,NFYC,PBX1,PBX2,PBX3,PKNX1,ZNF516
letter-probability matrix: alength= 4 w= 21
0.422365 0.225071 0.282621 0.069943
0.401140 0.250570 0.153561 0.194729
0.359454 0.243636 0.209261 0.187649
0.111479 0.318049 0.167578 0.402894
0.095836 0.457592 0.191231 0.255342
0.344977 0.085014 0.510683 0.059326
0.234159 0.026870 0.665420 0.073552
0.004467 0.925748 0.006047 0.063737
0.010025 0.980054 0.003068 0.006853
0.972311 0.011621 0.003184 0.012884
0.872466 0.031201 0.029508 0.066824
0.006995 0.010433 0.003987 0.978585
0.053623 0.637633 0.260918 0.047825
0.749502 0.043988 0.187175 0.019335
0.149375 0.173031 0.607280 0.070314
0.485257 0.284432 0.153036 0.077274
0.442042 0.038103 0.385694 0.134161
0.077182 0.446221 0.334694 0.141903
0.090785 0.247263 0.257299 0.404653
0.229699 0.522354 0.112568 0.135379
0.178148 0.112112 0.172787 0.536953

MOTIF E2F1,E2F3,E2F4,E2F6,E2F7,E2F8,TFDP1
letter-probability matrix: alength= 4 w= 19
0.246488 0.095147 0.135377 0.522988
0.221413 0.197308 0.295488 0.285791
0.296778 0.153493 0.232721 0.317009
0.132695 0.067433 0.266993 0.532879
0.087640 0.191610 0.698630 0.022121
0.014818 0.024242 0.954750 0.006190
0.041378 0.930407 0.006807 0.021408
0.015725 0.010383 0.953342 0.020550
0.009827 0.099291 0.884148 0.006734
0.020126 0.055687 0.910363 0.013825
0.908201 0.026545 0.044153 0.021101
0.728052 0.039092 0.205184 0.027672
0.496816 0.160091 0.242203 0.100891
0.238382 0.154947 0.177649 0.429022
0.118686 0.148066 0.102650 0.630598
0.067067 0.311311 0.204204 0.417417
0.329329 0.116116 0.407407 0.147147
0.559560 0.094094 0.255255 0.091091
0.556557 0.109109 0.185185 0.149149

MOTIF HSF5,TEAD1,TEAD2,TEAD3,TEAD4
letter-probability matrix: alength= 4 w= 20
0.192836 0.298910 0.244579 0.263675
0.152053 0.393804 0.200204 0.253938
0.319806 0.338835 0.119573 0.221786
0.686706 0.021443 0.262835 0.029016
0.115475 0.850675 0.025664 0.008186
0.966943 0.009273 0.013960 0.009824
0.004515 0.006019 0.004916 0.984549
0.065718 0.007554 0.018598 0.908130
0.007921 0.959249 0.011489 0.021341
0.008511 0.899403 0.002521 0.089565
0.595745 0.038206 0.073793 0.292257
0.139632 0.188719 0.549348 0.122301
0.246713 0.208385 0.412187 0.132715
0.172267 0.422939 0.311463 0.093330
0.717937 0.087092 0.081391 0.113580
0.097183 0.087987 0.104269 0.710562
0.215754 0.089029 0.132918 0.562300
0.097661 0.682341 0.095161 0.124838
0.088367 0.604217 0.087478 0.219937
0.337529 0.167862 0.178441 0.316168

MOTIF ERR1,ERR2,ERR3,ESRRA,ESRRB,NR4A1,NR4A2,RARA
letter-probability matrix: alength= 4 w= 13
0.201231 0.194884 0.346490 0.257396
0.128867 0.295979 0.270985 0.304170
0.078341 0.261295 0.074309 0.586055
0.487047 0.351282 0.104915 0.056756
0.939424 0.005518 0.027038 0.028020
0.978725 0.007242 0.011775 0.002257
0.006259 0.003940 0.913171 0.076630
0.006987 0.002298 0.980965 0.009750
0.018033 0.026562 0.051698 0.903707
0.003474 0.939544 0.016088 0.040894
0.900487 0.011239 0.075185 0.013089
0.267952 0.251170 0.089115 0.391763
0.366683 0.206496 0.165509 0.261312

MOTIF ATF1,ATF3,ATF6B,BATF2,CREB1,CREB3,CREM,FOS,FOSB,FOSL2,JDP2,JUN,JUND,XBP1
letter-probability matrix: alength= 4 w= 20
0.231994 0.276005 0.264007 0.227994
0.237992 0.268006 0.270006 0.223995
0.223995 0.276005 0.264007 0.235993
0.015604 0.425974 0.311456 0.246967
0.331223 0.157563 0.346295 0.164919
0.091232 0.218865 0.267996 0.421907
0.127213 0.145347 0.631824 0.095616
0.648858 0.040646 0.292222 0.018274
0.010143 0.022275 0.020181 0.947401
0.016539 0.025540 0.935216 0.022705
0.965506 0.010715 0.015876 0.007903
0.008060 0.916257 0.031594 0.044090
0.037419 0.011947 0.843763 0.106871
0.032440 0.246341 0.018534 0.702686
0.343189 0.349119 0.255392 0.052300
0.552970 0.058755 0.238994 0.149281
0.108416 0.594374 0.103380 0.193831
0.395579 0.210038 0.247991 0.146393
0.229994 0.272006 0.247990 0.250010
0.229994 0.268006 0.243991 0.258008

MOTIF AP2A,AP2B,AP2C,AP2E,TFAP2A,TFAP2B,TFAP2C,TFAP2E
letter-probability matrix: alength= 4 w= 19
0.249663 0.341499 0.141715 0.267123
0.483842 0.128237 0.179975 0.207946
0.152814 0.233059 0.094189 0.519938
0.239270 0.246206 0.263531 0.250994
0.021514 0.246325 0.708216 0.023945
0.004766 0.982845 0.007879 0.004510
0.003161 0.939790 0.008512 0.048537
0.010044 0.191151 0.081631 0.717175
0.050843 0.706012 0.197673 0.045472
0.773805 0.065710 0.146075 0.014409
0.028837 0.006816 0.961988 0.002360
0.003200 0.009215 0.984567 0.003018
0.019995 0.719524 0.241446 0.019036
0.262704 0.351979 0.199634 0.185683
0.566023 0.117973 0.100218 0.215786
0.233706 0.154414 0.080276 0.531603
0.298038 0.124334 0.180577 0.397051
0.226459 0.194938 0.149078 0.429525
0.257363 0.202722 0.217652 0.322263

MOTIF BARH1,BARH2,BARHL1,BARHL2,ISL1,ISL2,NANOG,TLX3,ZNF536
letter-probability matrix: alength= 4 w= 22
0.296286 0.185447 0.250803 0.267464
0.175919 0.432654 0.192468 0.198958
0.243036 0.177907 0.497801 0.081256
0.060902 0.230841 0.046026 0.662231
0.013636 0.002049 0.000700 0.983615
0.966529 0.000447 0.005045 0.027979
0.998999 0.000866 0.000130 0.000005
0.436480 0.018129 0.200792 0.344599
0.015441 0.445876 0.178244 0.360439
0.105826 0.013433 0.842429 0.038312
0.208968 0.210474 0.327225 0.253333
0.112352 0.208598 0.111489 0.567560
0.170934 0.392187 0.240876 0.196002
0.318182 0.350906 0.119104 0.211808
0.299528 0.132954 0.052357 0.515161
0.460947 0.040154 0.016805 0.482094
0.529588 0.022860 0.011918 0.435634
0.496028 0.038007 0.073471 0.392495
0.321166 0.174031 0.196267 0.308537
0.186607 0.148466 0.495590 0.169338
0.204901 0.201050 0.411511 0.182538
0.237545 0.229966 0.286371 0.246118

MOTIF CREB3L3,CXXC4,GMEB1,GMEB2,HIF1A,IRX3,SP140L,TET3,XBP1
letter-probability matrix: alength= 4 w= 23
0.160651 0.442308 0.219822 0.177219
0.120118 0.524852 0.205325 0.149704
0.108876 0.578698 0.158580 0.153846
0.251982 0.312743 0.339800 0.095475
0.092321 0.659307 0.176840 0.071532
0.109718 0.123126 0.686150 0.081006
0.128854 0.591087 0.081542 0.198517
0.204853 0.319945 0.306237 0.168965
0.163276 0.371580 0.353807 0.111336
0.075551 0.130091 0.225516 0.568842
0.090327 0.246916 0.299163 0.363594
0.951759 0.014749 0.025341 0.008150
0.011033 0.972184 0.008121 0.008662
0.016069 0.007440 0.965057 0.011433
0.022645 0.227773 0.017449 0.732133
0.424033 0.145922 0.371020 0.059025
0.489172 0.290428 0.137299 0.083101
0.151008 0.386036 0.271846 0.191111
0.143892 0.205615 0.567371 0.083121
0.181112 0.231592 0.202632 0.384664
0.253714 0.342234 0.208018 0.196034
0.164380 0.286502 0.402254 0.146864
0.157888 0.290421 0.275110 0.276580

MOTIF DBP,HLF,NFIL3,TEF
letter-probability matrix: alength= 4 w= 18
0.207099 0.186815 0.394931 0.211155
0.178669 0.182077 0.320486 0.318768
0.340512 0.115317 0.524331 0.019840
0.009760 0.006255 0.003982 0.980002
0.009641 0.002593 0.071020 0.916746
0.928653 0.004222 0.057868 0.009257
0.008494 0.369303 0.011036 0.611166
0.115411 0.005308 0.872689 0.006592
0.008008 0.185539 0.002645 0.803808
0.959847 0.029514 0.002989 0.007650
0.983483 0.002384 0.007036 0.007098
0.028543 0.394043 0.148365 0.429049
0.272567 0.317173 0.236802 0.173458
0.245354 0.216426 0.182358 0.355863
0.181215 0.305826 0.281775 0.231184
0.178727 0.346880 0.259900 0.214493
0.178390 0.355044 0.259149 0.207418
0.202882 0.329463 0.247771 0.219884

MOTIF ZIC1,ZIC3,ZIC4,ZIC5
letter-probability matrix: alength= 4 w= 17
0.299134 0.269255 0.238182 0.193429
0.050683 0.137850 0.588131 0.223336
0.672678 0.127050 0.191510 0.008761
0.058522 0.906501 0.008651 0.026326
0.041448 0.917427 0.015836 0.025289
0.071094 0.858039 0.014095 0.056772
0.002856 0.992994 0.002189 0.001961
0.023339 0.973565 0.001220 0.001876
0.003040 0.608822 0.000394 0.387744
0.087925 0.012478 0.894734 0.004863
0.004238 0.843695 0.019372 0.132695
0.046503 0.061498 0.121941 0.770058
0.026655 0.007084 0.956171 0.010090
0.160197 0.175460 0.051084 0.613259
0.011244 0.054654 0.784760 0.149342
0.326994 0.398165 0.061209 0.213631
0.268586 0.240546 0.284712 0.206155

MOTIF RFX1,RFX2,RFX3,RFX4,RFX5,RFX6
letter-probability matrix: alength= 4 w= 21
0.068235 0.560000 0.301176 0.070588
0.124579 0.394929 0.276667 0.203824
0.139405 0.071887 0.727336 0.061372
0.048775 0.063771 0.124920 0.762535
0.128044 0.292983 0.066774 0.512199
0.197131 0.136261 0.450795 0.215813
0.027370 0.762517 0.093051 0.117062
0.017062 0.906553 0.015220 0.061164
0.663852 0.198810 0.030849 0.106490
0.046935 0.070332 0.020264 0.862469
0.356984 0.005204 0.635201 0.002610
0.069412 0.004095 0.922572 0.003921
0.059708 0.793526 0.019232 0.127534
0.899517 0.012764 0.046924 0.040794
0.966931 0.008810 0.019707 0.004552
0.004252 0.981699 0.003365 0.010684
0.340514 0.318749 0.196054 0.144683
0.253842 0.190283 0.464407 0.091468
0.149846 0.438285 0.290390 0.121480
0.249361 0.268542 0.324382 0.157715
0.264280 0.284740 0.289003 0.161978

MOTIF ATF6,CR3L1,CR3L4,CREB3,CREB3L1,CREB3L3,CREB3L4,XBP1
letter-probability matrix: alength= 4 w= 15
0.534662 0.067867 0.097422 0.300049
0.267935 0.275739 0.290552 0.165773
0.060679 0.179374 0.081448 0.678500
0.041363 0.010650 0.830030 0.117956
0.163617 0.801139 0.007832 0.027412
0.018665 0.935823 0.022254 0.023258
0.979558 0.002500 0.015095 0.002847
0.000852 0.990361 0.001587 0.007200
0.021464 0.004041 0.973640 0.000854
0.005188 0.016704 0.003445 0.974664
0.053558 0.863581 0.066956 0.015905
0.884774 0.023139 0.064572 0.027516
0.038879 0.375419 0.151889 0.433813
0.146115 0.647590 0.100612 0.105683
0.607574 0.098481 0.182548 0.111398

MOTIF HXA9,HXB7,HXC10,HXC9,MEIS1,MEIS2,PBX2,PDX1
letter-probability matrix: alength= 4 w= 16
0.414634 0.190244 0.219512 0.175610
0.333893 0.152973 0.333940 0.179194
0.174295 0.235569 0.481996 0.108140
0.135350 0.525196 0.058973 0.280480
0.211738 0.610106 0.038870 0.139286
0.872991 0.032187 0.078281 0.016541
0.007494 0.021775 0.011844 0.958887
0.627321 0.223268 0.047465 0.101946
0.885730 0.047198 0.008879 0.058193
0.887788 0.040244 0.035733 0.036235
0.032318 0.015145 0.012495 0.940042
0.041391 0.877997 0.011788 0.068825
0.777870 0.052249 0.012849 0.157033
0.189283 0.235632 0.132054 0.443030
0.264909 0.233284 0.191725 0.310082
0.242007 0.285927 0.164130 0.307936

MOTIF E2F1,E2F2,E2F3,E2F4,ZNF417,ZNF454
letter-probability matrix: alength= 4 w= 19
0.300898 0.324850 0.235030 0.139222
0.367893 0.157060 0.318504 0.156543
0.256491 0.183163 0.372221 0.188125
0.238106 0.144727 0.113174 0.503993
0.199502 0.088646 0.137712 0.574140
0.214838 0.121166 0.105121 0.558874
0.073252 0.070972 0.095858 0.759917
0.021609 0.061215 0.914360 0.002816
0.001892 0.006183 0.991005 0.000919
0.001956 0.982903 0.001044 0.014097
0.002132 0.001045 0.995775 0.001049
0.001690 0.983706 0.011234 0.003370
0.023055 0.786458 0.141606 0.048881
0.784901 0.116622 0.018699 0.079778
0.400931 0.130410 0.068606 0.400053
0.344931 0.098910 0.092628 0.463531
0.196217 0.093065 0.075398 0.635319
0.137523 0.122524 0.591406 0.148547
0.176598 0.404117 0.178765 0.240520

MOTIF DMRT1,DMRT3,DMRTA,DMRTA1,DMRTA2,DMRTC2,DMRTD,DMTA2
letter-probability matrix: alength= 4 w= 17
0.271334 0.179294 0.310486 0.238887
0.429912 0.209131 0.165187 0.195770
0.341912 0.351382 0.138954 0.167752
0.694756 0.095973 0.119619 0.089652
0.614012 0.086736 0.076872 0.222379
0.081566 0.028495 0.008763 0.881177
0.000377 0.000335 0.999151 0.000137
0.002096 0.007818 0.002347 0.987738
0.851983 0.003045 0.022178 0.122794
0.306981 0.001140 0.208982 0.482897
0.001107 0.989995 0.008152 0.000746
0.663369 0.104013 0.175311 0.057308
0.671630 0.056422 0.084703 0.187245
0.216912 0.109465 0.076808 0.596815
0.189762 0.109363 0.113679 0.587196
0.113474 0.176747 0.157331 0.552448
0.199231 0.234082 0.269814 0.296873

MOTIF LEF1,TCF7,TCF7L1,TCF7L2,TF7L1,TF7L2
letter-probability matrix: alength= 4 w= 20
0.241999 0.255992 0.274003 0.228006
0.240476 0.268537 0.260526 0.230461
0.357079 0.211956 0.268788 0.162177
0.354822 0.106376 0.125772 0.413030
0.492778 0.144231 0.258772 0.104220
0.449746 0.309530 0.183853 0.056871
0.798574 0.033917 0.091751 0.075758
0.022327 0.405495 0.509776 0.062401
0.709172 0.030238 0.020398 0.240192
0.054028 0.013574 0.014107 0.918291
0.030102 0.863799 0.090299 0.015800
0.974268 0.006330 0.007074 0.012327
0.954822 0.011661 0.027317 0.006200
0.954538 0.007161 0.019646 0.018655
0.070886 0.037431 0.877571 0.014112
0.207422 0.148330 0.572670 0.071577
0.352579 0.235504 0.323104 0.088813
0.533115 0.096838 0.168012 0.202036
0.378739 0.101858 0.083516 0.435887
0.234472 0.246490 0.258508 0.260531

MOTIF CBFB,RUNX1,RUNX2,RUNX3
letter-probability matrix: alength= 4 w= 22
0.093220 0.125235 0.417137 0.364407
0.155367 0.112053 0.418079 0.314501
0.142185 0.074388 0.401130 0.382298
0.251782 0.142336 0.271636 0.334246
0.187984 0.182445 0.173085 0.456486
0.097407 0.302320 0.085291 0.514983
0.018455 0.020803 0.017191 0.943551
0.007920 0.013336 0.966543 0.012201
0.097126 0.409608 0.004921 0.488345
0.007763 0.003012 0.985987 0.003238
0.005937 0.001608 0.989493 0.002962
0.003140 0.029562 0.036364 0.930934
0.070657 0.171206 0.063939 0.694198
0.304971 0.042186 0.139872 0.512972
0.096830 0.207198 0.369330 0.326642
0.041397 0.315830 0.258167 0.384606
0.016779 0.214094 0.667114 0.102013
0.011409 0.346309 0.561745 0.080537
0.004698 0.057047 0.630872 0.307383
0.030201 0.074497 0.445638 0.449664
0.109732 0.086913 0.145302 0.658054
0.147819 0.189430 0.187416 0.475336

MOTIF MEF2A,MEF2B,MEF2C,MEF2D
letter-probability matrix: alength= 4 w= 16
0.292718 0.145163 0.259503 0.302616
0.277564 0.072344 0.254422 0.395671
0.103666 0.061832 0.414069 0.420433
0.024768 0.816908 0.032103 0.126220
0.002252 0.026599 0.001524 0.969626
0.959459 0.009475 0.013650 0.017416
0.052368 0.009554 0.004145 0.933933
0.073803 0.005988 0.007161 0.913048
0.060392 0.034825 0.004685 0.900098
