MEME version 4
ALPHABET= ACGT
strands: + -
Background letter frequencies:
A 0.25 C 0.25 G 0.25 T 0.25

MOTIF HOX-LHX-DLX-POU-MAX-NKX_0
letter-probability matrix: alength= 4 w= 29
0.264669 0.223036 0.181745 0.330550
0.330450 0.167680 0.088514 0.413356
0.435919 0.154342 0.101775 0.307965
0.426445 0.124261 0.073380 0.375914
0.398438 0.095625 0.057176 0.448761
0.449247 0.077423 0.099331 0.373999
0.441188 0.085392 0.160565 0.312855
0.261005 0.107313 0.164918 0.466765
0.250316 0.211347 0.243858 0.294479
0.251658 0.324026 0.233767 0.190549
0.260068 0.235457 0.384014 0.120461
0.105838 0.376818 0.174310 0.343034
0.017390 0.039956 0.007264 0.935390
0.934453 0.027447 0.023364 0.014735
0.992098 0.002453 0.002619 0.002830
0.005459 0.014792 0.011344 0.968406
0.020883 0.053528 0.180348 0.745240
0.638522 0.021394 0.306115 0.033969
0.200678 0.307580 0.369418 0.122324
0.205144 0.297439 0.227567 0.269851
0.173246 0.243204 0.225358 0.358192
0.296998 0.219058 0.154526 0.329418
0.516141 0.123881 0.101720 0.258258
0.329878 0.141824 0.146115 0.382183
0.388466 0.103448 0.078880 0.429206
0.391285 0.106821 0.153448 0.348446
0.292199 0.139167 0.165080 0.403554
0.183013 0.160984 0.239686 0.416316
0.243214 0.190967 0.337807 0.228012

MOTIF ETV-ELF-NFAT-ELK_0
letter-probability matrix: alength= 4 w= 27
0.242897 0.181392 0.221667 0.354043
0.170506 0.158501 0.192041 0.478952
0.127528 0.107679 0.131878 0.632916
0.113340 0.069584 0.077790 0.739286
0.174847 0.295099 0.154460 0.375594
0.178806 0.436878 0.195768 0.188547
0.274833 0.243357 0.327652 0.154157
0.389324 0.167209 0.243201 0.200265
0.427716 0.156319 0.218323 0.197641
0.510902 0.165914 0.193216 0.129969
0.156761 0.617662 0.191869 0.033709
0.291651 0.584404 0.033711 0.090234
0.006081 0.002590 0.985167 0.006162
0.005719 0.002604 0.986115 0.005561
0.983243 0.006334 0.006751 0.003673
0.918007 0.007866 0.008927 0.065200
0.285239 0.038246 0.662480 0.014035
0.113292 0.183574 0.080270 0.622864
0.282527 0.125451 0.400246 0.191776
0.286177 0.223877 0.303558 0.186389
0.259227 0.249357 0.226012 0.265405
0.216377 0.207003 0.280569 0.296051
0.323764 0.239564 0.278420 0.158252
0.179950 0.341095 0.316802 0.162153
0.175581 0.143440 0.297910 0.383069
0.209170 0.405599 0.230441 0.154790
0.497358 0.152473 0.168698 0.181472

MOTIF TCF-BHLH-SNAI_0
letter-probability matrix: alength= 4 w= 24
0.227142 0.258671 0.229639 0.284549
0.168959 0.415885 0.270289 0.144867
0.411080 0.082848 0.303666 0.202405
0.141956 0.177077 0.520219 0.160749
0.339532 0.285142 0.253755 0.121572
0.291197 0.227071 0.223943 0.257790
0.238761 0.196554 0.358667 0.206018
0.248556 0.122065 0.456068 0.173310
0.234559 0.165232 0.426194 0.174016
0.273368 0.218081 0.303687 0.204863
0.357841 0.195337 0.278521 0.168301
0.325661 0.190379 0.436773 0.047187
0.009938 0.975245 0.008289 0.006528
0.975840 0.006678 0.008749 0.008733
0.008008 0.037079 0.922640 0.032273
0.195827 0.379451 0.417010 0.007712
0.015957 0.012684 0.009393 0.961966
0.016829 0.006237 0.963353 0.013581
0.079480 0.324531 0.271730 0.324259
0.175552 0.207326 0.315079 0.302042
0.206092 0.254518 0.288048 0.251342
0.155348 0.449450 0.164618 0.230584
0.219971 0.450066 0.136056 0.193907
0.193924 0.455533 0.124274 0.226268

MOTIF KLF-SP_0
letter-probability matrix: alength= 4 w= 35
0.072144 0.671343 0.102204 0.154309
0.124248 0.496994 0.125251 0.253507
0.060120 0.554108 0.126253 0.259519
0.071298 0.599561 0.147564 0.181576
0.107753 0.583368 0.141894 0.166986
0.151612 0.497958 0.156189 0.194240
0.081523 0.566007 0.182108 0.170363
0.104501 0.487132 0.167123 0.241244
0.081887 0.566965 0.151891 0.199257
0.120615 0.518989 0.158548 0.201848
0.281340 0.360970 0.136719 0.220971
0.240291 0.186793 0.392990 0.179926
0.186191 0.157563 0.550391 0.105854
0.092557 0.779867 0.038965 0.088611
0.051201 0.817164 0.018298 0.113337
0.408455 0.544927 0.030860 0.015758
0.011492 0.966620 0.003603 0.018285
0.184098 0.010669 0.658334 0.146900
0.004262 0.976641 0.011034 0.008063
0.009077 0.976463 0.007401 0.007059
0.010866 0.884096 0.007952 0.097086
0.276807 0.495655 0.031918 0.195620
0.089187 0.568528 0.109223 0.233062
0.184766 0.346245 0.130545 0.338444
0.162861 0.405913 0.174639 0.256587
0.168371 0.480117 0.168236 0.183276
0.121352 0.478273 0.193469 0.206906
0.092984 0.510101 0.199903 0.197011
0.121108 0.488035 0.220488 0.170370
0.109658 0.411469 0.129779 0.349095
0.082495 0.639839 0.073441 0.204225
0.089537 0.610664 0.074447 0.225352
0.087525 0.510060 0.078471 0.323944
0.193159 0.459759 0.096579 0.250503
0.134809 0.480885 0.155936 0.228370

MOTIF HES-ARNT-USF_0
letter-probability matrix: alength= 4 w= 23
0.207529 0.263264 0.297026 0.232181
0.206190 0.145096 0.346061 0.302653
0.094319 0.683816 0.123258 0.098607
0.640943 0.159700 0.137192 0.062165
0.157556 0.686495 0.074491 0.081458
0.075563 0.158092 0.710611 0.055734
0.078778 0.112540 0.163451 0.645231
0.137704 0.179047 0.478816 0.204432
0.227803 0.263001 0.253527 0.255669
0.251742 0.214145 0.262137 0.271976
0.233179 0.188263 0.304992 0.273567
0.265586 0.117708 0.527223 0.089483
0.169182 0.221618 0.270455 0.338744
0.010769 0.981284 0.004658 0.003289
0.929651 0.008364 0.048046 0.013939
0.002277 0.966673 0.004495 0.026555
0.044115 0.007930 0.946857 0.001098
0.011097 0.027061 0.004029 0.957813
0.004258 0.004241 0.979524 0.011977
0.248283 0.341834 0.228753 0.181130
0.128108 0.451472 0.161487 0.258933
0.251381 0.295040 0.223951 0.229627
0.273228 0.283568 0.171490 0.271715

MOTIF FOX_0
letter-probability matrix: alength= 4 w= 24
0.220713 0.156904 0.419118 0.203265
0.197066 0.266203 0.239754 0.296977
0.231489 0.282945 0.264874 0.220692
0.229534 0.345539 0.148616 0.276311
0.429217 0.093933 0.071149 0.405701
0.502431 0.134068 0.230961 0.132540
0.340616 0.147954 0.170049 0.341380
0.199536 0.023052 0.761834 0.015579
0.056720 0.074052 0.026301 0.842926
0.891771 0.091070 0.006992 0.010167
0.942772 0.035929 0.009566 0.011733
0.964912 0.010631 0.014794 0.009663
0.009950 0.855750 0.012582 0.121718
0.962187 0.007925 0.012585 0.017304
0.437100 0.150465 0.181842 0.230594
0.327437 0.210578 0.241698 0.220286
0.313951 0.219450 0.290158 0.176441
0.440883 0.213730 0.180625 0.164762
0.322444 0.410904 0.111409 0.155243
0.582440 0.312348 0.030809 0.074403
0.557112 0.235631 0.072698 0.134559
0.415733 0.187896 0.198125 0.198246
0.255784 0.256880 0.298039 0.189296
0.275146 0.243850 0.298039 0.182964

MOTIF NR1H-NR2F-RXR_0
letter-probability matrix: alength= 4 w= 27
0.333664 0.121152 0.418073 0.127110
0.262654 0.124158 0.545229 0.067960
0.264170 0.111078 0.504692 0.120061
0.353310 0.063592 0.475472 0.107626
0.298630 0.122094 0.395788 0.183488
0.230281 0.150136 0.484153 0.135429
0.236975 0.133966 0.475106 0.153953
0.193359 0.148857 0.311389 0.346395
0.282213 0.344319 0.169803 0.203664
0.294500 0.315240 0.168055 0.222205
0.387051 0.217780 0.178961 0.216209
0.416611 0.094231 0.355263 0.133896
0.694313 0.013497 0.261333 0.030857
0.010117 0.003305 0.961496 0.025081
0.009618 0.006615 0.888547 0.095220
0.028590 0.029617 0.050306 0.891486
0.009036 0.921106 0.029554 0.040303
0.913202 0.008675 0.067859 0.010264
0.303956 0.234870 0.242804 0.218370
0.265984 0.155939 0.385577 0.192500
0.208773 0.144450 0.500552 0.146225
0.201411 0.150175 0.398523 0.249891
0.153599 0.306604 0.346201 0.193596
0.334785 0.275502 0.212901 0.176812
0.182541 0.349275 0.235699 0.232485
0.201937 0.378818 0.190885 0.228359
0.114397 0.333971 0.122549 0.429084

MOTIF SOX_0
letter-probability matrix: alength= 4 w= 27
0.330033 0.198020 0.240924 0.231023
0.456713 0.119143 0.217247 0.206897
0.582182 0.113806 0.147205 0.156807
0.454536 0.291253 0.146233 0.107978
0.544837 0.251210 0.101603 0.102350
0.683184 0.176149 0.059569 0.081098
0.365044 0.385229 0.082544 0.167182
0.590016 0.064888 0.150320 0.194776
0.495303 0.074921 0.200102 0.229674
0.196006 0.142921 0.225824 0.435249
0.187693 0.246252 0.283864 0.282190
0.070527 0.525584 0.195216 0.208673
0.059207 0.678250 0.036104 0.226439
0.744832 0.012157 0.006180 0.236830
0.005731 0.010845 0.013555 0.969869
0.008412 0.002806 0.006099 0.982683
0.021117 0.024959 0.947970 0.005954
0.034810 0.006033 0.007366 0.951790
0.092331 0.184025 0.108541 0.615103
0.187041 0.431574 0.091987 0.289398
0.159746 0.207158 0.267159 0.365938
0.151268 0.305854 0.301839 0.241039
0.217513 0.273270 0.232846 0.276371
0.399447 0.157571 0.213375 0.229606
0.536162 0.123181 0.168589 0.172068
0.648702 0.130739 0.085828 0.134731
0.209581 0.160679 0.156687 0.473054

MOTIF FOS-JUN_0
letter-probability matrix: alength= 4 w= 23
0.382569 0.165051 0.228841 0.223539
0.402964 0.140361 0.171531 0.285143
0.333056 0.186618 0.227397 0.252930
0.205767 0.190622 0.268184 0.335427
0.192690 0.185886 0.436061 0.185362
0.494942 0.255781 0.194413 0.054864
0.013757 0.007067 0.006426 0.972751
0.009745 0.012792 0.924204 0.053259
0.957198 0.016452 0.005233 0.021117
0.043085 0.340493 0.588389 0.028033
0.010977 0.008127 0.008590 0.972307
0.037647 0.948251 0.006967 0.007136
0.983342 0.004420 0.005512 0.006726
0.042463 0.235717 0.128377 0.593442
0.206479 0.327440 0.226164 0.239917
0.270953 0.283588 0.209102 0.236357
0.141803 0.237867 0.089330 0.531000
0.229777 0.162398 0.237775 0.370050
0.342127 0.170176 0.180390 0.307306
0.205461 0.270699 0.322795 0.201045
0.426731 0.162813 0.151293 0.259163
0.245379 0.318063 0.241878 0.194680
0.236000 0.239000 0.100000 0.425000

MOTIF HOX_0
letter-probability matrix: alength= 4 w= 21
0.254334 0.249361 0.312861 0.183444
0.358380 0.200619 0.234640 0.206362
0.217337 0.218161 0.424906 0.139596
0.196382 0.247591 0.546491 0.009535
0.012332 0.087443 0.007032 0.893193
0.041726 0.938848 0.004040 0.015385
0.279878 0.000551 0.716936 0.002635
0.002162 0.000576 0.001749 0.995513
0.769364 0.001808 0.001717 0.227111
0.989188 0.002092 0.002093 0.006626
0.924913 0.029304 0.008797 0.036986
0.575790 0.147855 0.104677 0.171679
0.256582 0.284652 0.179309 0.279456
0.182113 0.161195 0.242049 0.414642
0.142129 0.081464 0.134686 0.641721
0.274572 0.080750 0.102060 0.542618
0.588295 0.072696 0.077998 0.261011
0.339927 0.220840 0.107769 0.331464
0.198308 0.167720 0.340232 0.293740
0.259074 0.149878 0.366130 0.224918
0.233152 0.248037 0.294428 0.224383

MOTIF TBX_0
letter-probability matrix: alength= 4 w= 29
0.230766 0.272440 0.221148 0.275646
0.193609 0.457344 0.143207 0.205840
0.149508 0.438352 0.160609 0.251531
0.168549 0.286053 0.271628 0.273770
0.231531 0.218553 0.297358 0.252559
0.146658 0.251295 0.360470 0.241577
0.277975 0.174544 0.290919 0.256561
0.407319 0.102753 0.273812 0.216116
0.792869 0.022561 0.129936 0.054633
0.088390 0.066953 0.796797 0.047860
0.005802 0.007946 0.981869 0.004384
0.002872 0.069693 0.006081 0.921354
0.002982 0.000985 0.995122 0.000911
0.049505 0.090454 0.031915 0.828126
0.026686 0.113310 0.692034 0.167971
0.889378 0.019533 0.057866 0.033222
0.581778 0.106087 0.142865 0.169270
0.367045 0.191286 0.247806 0.193863
0.276501 0.104294 0.240599 0.378606
0.205096 0.190006 0.205162 0.399736
0.164741 0.134314 0.347815 0.353131
0.259619 0.321580 0.170175 0.248626
0.420834 0.159747 0.238977 0.180442
0.299816 0.525145 0.101936 0.073103
0.520811 0.161733 0.193046 0.124410
0.069063 0.747250 0.083687 0.100000
0.062440 0.547730 0.154924 0.234906
0.108400 0.164660 0.106938 0.620002
0.214509 0.277555 0.183735 0.324200

MOTIF CEBP_0
letter-probability matrix: alength= 4 w= 18
0.264030 0.212304 0.274920 0.248746
0.224054 0.177316 0.285145 0.313485
0.474210 0.119031 0.375221 0.031538
0.010914 0.008308 0.005269 0.975508
0.007120 0.004205 0.114756 0.873918
0.532206 0.005357 0.406075 0.056362
0.030217 0.526476 0.026263 0.417045
0.065724 0.006655 0.921289 0.006332
0.050881 0.578628 0.005314 0.365176
0.967058 0.026568 0.001784 0.004590
0.986441 0.002573 0.004935 0.006050
0.023164 0.334727 0.112348 0.529761
0.340992 0.309055 0.191069 0.158883
0.260978 0.247331 0.229042 0.262649
0.181215 0.305826 0.281775 0.231184
0.178727 0.346880 0.259900 0.214493
0.178390 0.355044 0.259149 0.207418
0.202882 0.329463 0.247771 0.219884

MOTIF ATF-CREB-JUN_0
letter-probability matrix: alength= 4 w= 17
0.301290 0.215699 0.265926 0.217085
0.346324 0.162735 0.295425 0.195517
0.185191 0.232019 0.248247 0.334542
0.206381 0.114344 0.547969 0.131306
0.679108 0.057122 0.245455 0.018315
0.008294 0.011499 0.008246 0.971962
0.009387 0.016005 0.932494 0.042114
0.974070 0.006116 0.012223 0.007591
0.008009 0.715313 0.067878 0.208801
0.033243 0.016425 0.940130 0.010202
0.018614 0.046008 0.007299 0.928079
0.138319 0.828602 0.023318 0.009761
0.959395 0.010186 0.018498 0.011921
0.027250 0.280016 0.084284 0.608450
0.206867 0.422541 0.176662 0.193930
0.306791 0.229712 0.296254 0.167243
0.230664 0.261475 0.212915 0.294946

MOTIF HOX-CDX_0
letter-probability matrix: alength= 4 w= 18
0.452446 0.150206 0.162551 0.234797
0.496957 0.113207 0.182021 0.207815
0.498936 0.115765 0.188928 0.196371
0.429907 0.189817 0.230727 0.149549
0.397155 0.175360 0.263655 0.163829
0.273100 0.157057 0.385596 0.184247
0.129329 0.303205 0.520060 0.047406
0.039669 0.609462 0.014563 0.336306
0.514942 0.380871 0.028760 0.075427
0.903904 0.013608 0.064119 0.018370
0.005598 0.003850 0.003840 0.986713
0.882898 0.010351 0.014083 0.092669
0.978085 0.003208 0.004653 0.014054
0.967968 0.014364 0.005826 0.011842
0.662648 0.129084 0.080619 0.127650
0.259282 0.374515 0.139716 0.226487
0.336185 0.224750 0.139321 0.299744
0.228479 0.263203 0.228921 0.279398

MOTIF PITX_0
letter-probability matrix: alength= 4 w= 29
0.260213 0.168998 0.369334 0.201455
0.240767 0.146195 0.331981 0.281058
0.277560 0.108002 0.248461 0.365976
0.313934 0.082261 0.104085 0.499720
0.402350 0.008954 0.022384 0.566312
0.648013 0.076665 0.008954 0.266368
0.500279 0.247902 0.011192 0.240627
0.147174 0.340795 0.044208 0.467823
0.186184 0.412909 0.206999 0.193907
0.221581 0.332892 0.235889 0.209637
0.209096 0.315648 0.314126 0.161130
0.168555 0.310617 0.116684 0.404145
0.023929 0.004603 0.004588 0.966880
0.959720 0.004736 0.021020 0.014524
0.991925 0.001593 0.001583 0.004899
0.004436 0.004449 0.067517 0.923598
0.018982 0.931371 0.021296 0.028351
0.036436 0.797477 0.068573 0.097514
0.154427 0.361156 0.258681 0.225736
0.268456 0.311313 0.141360 0.278871
0.165717 0.141604 0.147828 0.544850
0.257114 0.105687 0.128760 0.508439
0.556082 0.079326 0.110753 0.253839
0.338287 0.114785 0.137608 0.409320
0.363229 0.273543 0.033632 0.329596
0.255605 0.381166 0.044843 0.318386
0.181614 0.488789 0.136771 0.192825
0.144058 0.437780 0.227018 0.191143
0.144619 0.397982 0.274664 0.182735

MOTIF POU_0
letter-probability matrix: alength= 4 w= 19
0.345082 0.235938 0.226572 0.192408
0.237052 0.354922 0.241154 0.166872
0.082042 0.567776 0.115853 0.234330
0.152163 0.076767 0.105586 0.665485
0.469301 0.329720 0.088311 0.112668
0.866954 0.034661 0.028152 0.070232
0.009783 0.006978 0.005745 0.977495
0.096765 0.036347 0.012657 0.854232
0.314661 0.003233 0.003395 0.678711
0.131871 0.041708 0.781646 0.044775
0.045236 0.930961 0.007945 0.015859
0.963253 0.012481 0.014344 0.009923
0.010179 0.010556 0.007961 0.971304
0.751528 0.034224 0.117003 0.097246
0.426479 0.133170 0.057935 0.382416
0.192185 0.158858 0.187899 0.461058
0.124002 0.382977 0.172085 0.320935
0.547865 0.104162 0.133452 0.214522
0.493253 0.140930 0.068966 0.296852

MOTIF BHLH-OLIG_0
letter-probability matrix: alength= 4 w= 18
0.316436 0.195400 0.252121 0.236043
0.329500 0.187919 0.292876 0.189705
0.287035 0.248643 0.264180 0.200142
0.300936 0.158791 0.351631 0.188641
0.196992 0.337138 0.199662 0.266208
0.589936 0.049627 0.299555 0.060882
0.359276 0.513700 0.117795 0.009228
0.006369 0.990185 0.003184 0.000262
0.954800 0.000748 0.035206 0.009246
0.001207 0.017849 0.022076 0.958868
0.930440 0.035659 0.012082 0.021819
0.007764 0.041397 0.001571 0.949268
0.002709 0.007916 0.962272 0.027103
0.021435 0.193040 0.362019 0.423506
0.073729 0.308142 0.057870 0.560259
0.240545 0.280138 0.253539 0.225778
0.177566 0.400615 0.194830 0.226988
0.267967 0.313605 0.215634 0.202794

MOTIF GATA_0
letter-probability matrix: alength= 4 w= 25
0.358219 0.129452 0.172146 0.340183
0.268901 0.189812 0.279629 0.261658
0.272834 0.184979 0.201784 0.340403
0.315441 0.185637 0.174504 0.324418
0.064410 0.325900 0.165666 0.444024
0.052669 0.662758 0.183317 0.101256
0.024097 0.047681 0.014265 0.913956
0.039542 0.008910 0.009127 0.942420
0.980435 0.006049 0.006338 0.007179
0.005231 0.004295 0.003003 0.987471
0.003573 0.984649 0.003840 0.007938
0.236263 0.021488 0.062677 0.679572
0.141620 0.292652 0.346948 0.218780
0.232246 0.279618 0.156475 0.331661
0.207370 0.287525 0.245687 0.259417
0.176384 0.317757 0.233323 0.272536
0.178618 0.335090 0.206978 0.279314
0.212662 0.313735 0.216337 0.257266
0.250739 0.297525 0.216451 0.235286
0.173240 0.400222 0.280789 0.145749
0.348107 0.425014 0.155964 0.070915
0.439611 0.160448 0.173453 0.226488
0.102198 0.380909 0.251836 0.265057
0.077951 0.416481 0.024499 0.481069
0.149220 0.173719 0.097996 0.579065

MOTIF ONECUT_0
letter-probability matrix: alength= 4 w= 21
0.264940 0.296813 0.205179 0.233068
0.228088 0.379482 0.188247 0.204183
0.410359 0.219124 0.219124 0.151394
0.294821 0.163347 0.199203 0.342629
0.119522 0.326693 0.231076 0.322709
0.385125 0.213773 0.205761 0.195341
0.531871 0.133115 0.209583 0.125431
0.356924 0.185836 0.146263 0.310977
0.316903 0.263018 0.077663 0.342416
0.651140 0.017735 0.291293 0.039831
0.960146 0.003585 0.029895 0.006375
0.003072 0.008369 0.003047 0.985513
0.003803 0.984457 0.004020 0.007720
0.452909 0.006016 0.536331 0.004744
0.989842 0.003104 0.003465 0.003589
0.004694 0.005036 0.003153 0.987116
0.726291 0.083997 0.081289 0.108423
0.432374 0.243852 0.139312 0.184463
0.244591 0.245081 0.171677 0.338650
0.216149 0.213938 0.258939 0.310974
0.320352 0.190408 0.180106 0.309134

MOTIF MEIS_0
letter-probability matrix: alength= 4 w= 21
0.278570 0.208580 0.285859 0.226990
0.343132 0.176432 0.247169 0.233267
0.245165 0.177023 0.208937 0.368876
0.034514 0.030480 0.023041 0.911966
0.002314 0.004698 0.989530 0.003458
0.960606 0.004428 0.027087 0.007879
0.003732 0.985843 0.004666 0.005760
0.946719 0.001701 0.035175 0.016405
0.063152 0.076252 0.760163 0.100434
0.117084 0.464883 0.326860 0.091173
0.079864 0.162078 0.097064 0.660994
0.105946 0.077328 0.659160 0.157566
0.160399 0.109732 0.182113 0.547755
0.103741 0.622096 0.114519 0.159644
0.507426 0.158928 0.185746 0.147899
0.303582 0.257743 0.196703 0.241972
0.363715 0.213241 0.223665 0.199379
0.235689 0.309928 0.266995 0.187388
0.200805 0.218694 0.241503 0.338998
0.186382 0.229316 0.277169 0.307133
0.188842 0.239826 0.296176 0.275157

MOTIF IRF_0
letter-probability matrix: alength= 4 w= 25
0.202708 0.269836 0.345742 0.181714
0.156821 0.310197 0.404281 0.128700
0.324751 0.026899 0.567691 0.080659
0.527841 0.071494 0.312104 0.088561
0.623758 0.074304 0.163037 0.138900
0.712036 0.070961 0.093933 0.123070
0.305626 0.251395 0.253630 0.189350
0.127361 0.439205 0.280308 0.153126
0.100885 0.028573 0.855245 0.015297
0.882836 0.006594 0.103892 0.006679
0.959845 0.003912 0.009792 0.026452
0.972978 0.009108 0.006389 0.011525
0.145594 0.481486 0.331186 0.041734
0.045367 0.510606 0.057648 0.386379
0.019713 0.003538 0.975173 0.001575
0.974778 0.006460 0.015897 0.002865
0.965240 0.005447 0.013493 0.015820
0.978313 0.003850 0.006156 0.011681
0.052918 0.643656 0.286024 0.017402
0.077564 0.320224 0.059013 0.543199
0.361794 0.123001 0.360508 0.154696
0.498229 0.131780 0.196268 0.173723
0.475252 0.135012 0.179349 0.210387
0.447354 0.158211 0.189209 0.205226
0.233479 0.443873 0.156497 0.166152

MOTIF PPAR-RXR_0
letter-probability matrix: alength= 4 w= 21
0.165488 0.360774 0.227441 0.246296
0.141751 0.481818 0.142424 0.234007
0.163088 0.424208 0.177311 0.235393
0.289462 0.162226 0.255466 0.292846
0.026531 0.140651 0.026320 0.806498
0.106813 0.061680 0.812724 0.018783
0.876013 0.082386 0.032671 0.008930
0.116419 0.868817 0.002992 0.011772
0.006748 0.977958 0.001725 0.013569
0.002906 0.115629 0.002276 0.879189
0.051963 0.163262 0.013093 0.771681
0.025956 0.045733 0.020108 0.908202
0.109628 0.091656 0.750549 0.048167
0.757359 0.131543 0.077539 0.033559
0.133118 0.793922 0.028419 0.044540
0.056726 0.874109 0.027792 0.041373
0.040582 0.475645 0.033964 0.449810
0.192011 0.398755 0.135844 0.273390
0.177072 0.280291 0.317202 0.225435
0.253823 0.121385 0.057076 0.567715
0.152751 0.112978 0.220814 0.513458

MOTIF ARNT-CREB-NPAS_0
letter-probability matrix: alength= 4 w= 21
0.098302 0.508181 0.140620 0.252897
0.204938 0.231933 0.444505 0.118623
0.094296 0.204595 0.157274 0.543834
0.077630 0.161617 0.665120 0.095633
0.291032 0.377569 0.184032 0.147367
0.205360 0.293597 0.220066 0.280977
0.162133 0.296273 0.315478 0.226117
0.215505 0.359114 0.252021 0.173360
0.221877 0.373274 0.177964 0.226884
0.295107 0.227392 0.230511 0.246989
0.207734 0.216910 0.426907 0.148448
0.102564 0.122659 0.494984 0.279793
0.006345 0.990744 0.000886 0.002025
0.995123 0.001456 0.002008 0.001413
0.004041 0.967217 0.008279 0.020464
0.036621 0.010565 0.944130 0.008684
0.079487 0.228550 0.038251 0.653712
0.391886 0.239639 0.235068 0.133407
0.190005 0.388432 0.223709 0.197854
0.196280 0.341205 0.227621 0.234894
0.225165 0.427506 0.199337 0.147992

MOTIF MAF_0
letter-probability matrix: alength= 4 w= 25
0.461286 0.179606 0.184331 0.174777
0.567323 0.093937 0.136037 0.202703
0.632966 0.050709 0.053228 0.263097
0.433491 0.109921 0.108136 0.348451
0.253020 0.204925 0.195690 0.346366
0.127083 0.188310 0.185461 0.499146
0.111149 0.195063 0.595765 0.098024
0.187632 0.575040 0.070502 0.166826
0.156001 0.165692 0.098772 0.579535
0.242346 0.116095 0.470875 0.170685
0.487625 0.241243 0.098089 0.173043
0.103055 0.208129 0.655627 0.033190
0.014541 0.007758 0.009878 0.967823
0.037285 0.950320 0.003808 0.008587
0.978211 0.002490 0.007691 0.011608
0.006344 0.003110 0.945986 0.044559
0.003349 0.985466 0.006113 0.005073
0.839658 0.012501 0.104804 0.043038
0.294992 0.199788 0.189537 0.315683
0.354828 0.083532 0.091650 0.469990
0.305994 0.094137 0.067696 0.532172
0.225402 0.184173 0.086403 0.504021
0.201295 0.236326 0.164226 0.398153
0.249539 0.220967 0.183354 0.346140
0.301674 0.194511 0.191093 0.312722

MOTIF SREBF-USF_0
letter-probability matrix: alength= 4 w= 20
0.261289 0.232867 0.231363 0.274481
0.272184 0.229751 0.244553 0.253512
0.313140 0.182164 0.231616 0.273079
0.242326 0.200621 0.347054 0.209999
0.414573 0.101725 0.446714 0.036988
0.051941 0.139357 0.072856 0.735845
0.004157 0.985924 0.006962 0.002956
0.947281 0.013910 0.011836 0.026973
0.004296 0.672011 0.084627 0.239067
0.071715 0.044393 0.880863 0.003030
0.008314 0.006939 0.006915 0.977832
0.003265 0.006042 0.987307 0.003386
0.912626 0.027356 0.038036 0.021982
0.014164 0.641981 0.036267 0.307588
0.176216 0.396631 0.117410 0.309743
0.256474 0.245525 0.172573 0.325428
0.236854 0.270571 0.259189 0.233386
0.258334 0.250616 0.264604 0.226446
0.206561 0.313487 0.295261 0.184690
0.184690 0.358445 0.245443 0.211422

MOTIF BARHL-HOX-ISL_0
letter-probability matrix: alength= 4 w= 23
0.307139 0.184446 0.201276 0.307139
0.240328 0.221931 0.245765 0.291976
0.219549 0.373071 0.200381 0.206998
0.267706 0.232770 0.402636 0.096887
0.086884 0.321678 0.099965 0.491473
0.010739 0.002461 0.000686 0.986114
0.967467 0.000527 0.005279 0.026727
0.999251 0.000580 0.000136 0.000033
0.323760 0.103727 0.115776 0.456737
0.023878 0.310567 0.282892 0.382662
0.278532 0.035539 0.639525 0.046404
0.190016 0.275142 0.344680 0.190162
0.156159 0.270727 0.194817 0.378297
0.213733 0.302802 0.220925 0.262540
0.322942 0.321495 0.143689 0.211873
0.303017 0.132310 0.052459 0.512213
0.462576 0.040913 0.017000 0.479511
0.533544 0.023731 0.012372 0.430352
0.486631 0.048559 0.079408 0.385401
0.300023 0.207226 0.196441 0.296310
0.186607 0.148466 0.495590 0.169338
0.204901 0.201050 0.411511 0.182538
0.237545 0.229966 0.286371 0.246118

MOTIF E2F_0
letter-probability matrix: alength= 4 w= 19
0.246488 0.095147 0.135377 0.522988
0.215968 0.213996 0.334875 0.235162
0.279131 0.190383 0.271640 0.258846
0.180344 0.097404 0.348398 0.373854
0.095869 0.210893 0.659949 0.033289
0.023333 0.024005 0.945763 0.006898
0.052584 0.915034 0.007708 0.024673
0.016377 0.010419 0.951380 0.021824
0.009894 0.113549 0.869987 0.006570
0.021522 0.064007 0.899580 0.014891
0.876102 0.035435 0.055153 0.033310
0.702583 0.045857 0.215245 0.036316
0.425962 0.184466 0.277685 0.111887
0.283341 0.212809 0.248573 0.255277
0.171407 0.175696 0.155174 0.497723
0.067067 0.311311 0.204204 0.417417
0.329329 0.116116 0.407407 0.147147
0.559560 0.094094 0.255255 0.091091
0.556557 0.109109 0.185185 0.149149

MOTIF TEAD_0
letter-probability matrix: alength= 4 w= 20
0.192836 0.298910 0.244579 0.263675
0.196831 0.345620 0.199036 0.258513
0.220041 0.373866 0.154286 0.251808
0.658699 0.021358 0.289126 0.030817
0.128360 0.834334 0.029358 0.007947
0.965682 0.008916 0.015999 0.009403
0.004348 0.006012 0.004984 0.984656
0.071262 0.007481 0.019767 0.901490
0.008046 0.957692 0.012111 0.022151
0.008454 0.880090 0.002467 0.108989
0.541297 0.043643 0.088235 0.326825
0.186419 0.205963 0.408645 0.198973
0.235609 0.242334 0.348730 0.173327
0.204208 0.411278 0.272377 0.112137
0.709861 0.095462 0.082753 0.111924
0.099549 0.096704 0.109246 0.694501
0.224112 0.095995 0.174749 0.505144
0.102508 0.606582 0.140783 0.150128
0.091007 0.563401 0.105987 0.239604
0.337529 0.167862 0.178441 0.316168

MOTIF NFY-PBX_0
letter-probability matrix: alength= 4 w= 21
0.422365 0.225071 0.282621 0.069943
0.401140 0.250570 0.153561 0.194729
0.368309 0.210616 0.214986 0.206089
0.119649 0.324334 0.171056 0.384961
0.100533 0.385200 0.225417 0.288849
0.355899 0.127206 0.398334 0.118562
0.276183 0.039989 0.571813 0.112015
0.004911 0.892246 0.006711 0.096133
0.010246 0.979064 0.003033 0.007657
0.970605 0.013099 0.003116 0.013180
0.861630 0.042558 0.038156 0.057656
0.008471 0.011576 0.004799 0.975154
0.062137 0.621459 0.272995 0.043408
0.709477 0.049704 0.218051 0.022769
0.175330 0.208661 0.526361 0.089647
0.453842 0.274772 0.174097 0.097288
0.459779 0.033466 0.373073 0.133682
0.070027 0.453695 0.339074 0.137203
0.090785 0.247263 0.257299 0.404653
0.229699 0.522354 0.112568 0.135379
0.178148 0.112112 0.172787 0.536953

MOTIF ESRR_0
letter-probability matrix: alength= 4 w= 13
0.201231 0.194884 0.346490 0.257396
0.163860 0.259653 0.276576 0.299912
0.135107 0.250872 0.125679 0.488342
0.407111 0.420503 0.122155 0.050231
0.948558 0.004760 0.023087 0.023595
0.979774 0.007462 0.010218 0.002547
0.007136 0.004377 0.906707 0.081781
0.004528 0.002743 0.984122 0.008607
0.020782 0.027359 0.055220 0.896639
0.003758 0.940177 0.017717 0.038348
0.891403 0.012145 0.083250 0.013203
0.243890 0.292977 0.148117 0.315016
0.333085 0.215898 0.211223 0.239794

MOTIF EGR_0
letter-probability matrix: alength= 4 w= 21
0.118593 0.425126 0.234171 0.222111
0.133983 0.420533 0.202677 0.242806
0.099366 0.492780 0.210693 0.197161
0.206116 0.362340 0.175652 0.255893
0.135108 0.351300 0.236084 0.277508
0.194897 0.384554 0.150724 0.269826
0.175309 0.377072 0.130829 0.316790
0.424959 0.477539 0.047984 0.049518
0.026301 0.919714 0.011295 0.042690
0.082952 0.017066 0.696019 0.203962
0.003182 0.974066 0.009149 0.013603
0.017169 0.960849 0.011111 0.010871
0.004678 0.922020 0.012243 0.061060
0.645625 0.257908 0.027294 0.069173
0.008871 0.948906 0.010620 0.031603
0.112669 0.099024 0.707400 0.080907
0.023776 0.859413 0.051482 0.065329
0.558197 0.180368 0.149394 0.112041
0.220995 0.344980 0.150488 0.283537
0.237741 0.217113 0.154573 0.390573
0.153342 0.357453 0.183012 0.306194

MOTIF TFAP2A-TFAP2B-TFAP2C-TFAP2E_0
letter-probability matrix: alength= 4 w= 19
0.246819 0.332907 0.151667 0.268607
0.396151 0.187246 0.203637 0.212966
0.174059 0.251086 0.148754 0.426101
0.242003 0.249188 0.237877 0.270932
0.027623 0.269871 0.671104 0.031401
0.005037 0.982074 0.008117 0.004772
0.003107 0.933013 0.008750 0.055129
0.008870 0.219653 0.092807 0.678670
0.073125 0.565448 0.297831 0.063595
0.746348 0.074857 0.165750 0.013045
0.031087 0.006934 0.959617 0.002362
0.003352 0.009604 0.983847 0.003196
0.027748 0.676301 0.269767 0.026185
0.303875 0.252369 0.236356 0.207400
0.457572 0.178357 0.146895 0.217176
0.244841 0.178070 0.124703 0.452386
0.304174 0.133987 0.180852 0.380987
0.230999 0.207650 0.150652 0.410700
0.257363 0.202722 0.217652 0.322263

MOTIF FOS_0
letter-probability matrix: alength= 4 w= 20
0.231994 0.276005 0.264007 0.227994
0.237992 0.268006 0.270006 0.223995
0.223995 0.276005 0.264007 0.235993
0.120384 0.357062 0.298541 0.224013
0.272725 0.204978 0.322285 0.200012
0.107676 0.234743 0.266062 0.391519
0.163798 0.173562 0.540174 0.122467
0.589600 0.049775 0.333922 0.026703
0.006474 0.013495 0.010835 0.969196
0.016478 0.027352 0.940665 0.015505
0.980518 0.003459 0.012552 0.003471
0.003558 0.925203 0.026250 0.044989
0.057145 0.015081 0.805419 0.122355
0.058700 0.298463 0.043557 0.599279
0.343445 0.318351 0.248697 0.089507
0.453365 0.119077 0.241384 0.186173
0.093657 0.528300 0.158822 0.219221
0.368949 0.221129 0.268172 0.141751
0.229994 0.272006 0.247990 0.250010
0.229994 0.268006 0.243991 0.258008

MOTIF ZIC_0
letter-probability matrix: alength= 4 w= 17
0.294964 0.256225 0.238862 0.209949
0.075386 0.162676 0.526103 0.235835
0.647438 0.136013 0.205809 0.010741
0.061543 0.900711 0.009280 0.028466
0.042983 0.914395 0.016294 0.026328
0.076321 0.845829 0.016381 0.061470
0.002711 0.993110 0.002178 0.002001
0.021612 0.975494 0.001170 0.001723
0.002935 0.594208 0.000374 0.402484
0.093641 0.014654 0.886191 0.005515
0.004315 0.826372 0.021570 0.147743
0.064662 0.080364 0.146908 0.708067
0.028811 0.007924 0.952067 0.011197
0.171919 0.248391 0.079416 0.500274
0.014881 0.063382 0.757693 0.164045
0.324963 0.386660 0.068823 0.219554
0.264294 0.245246 0.279502 0.210959

MOTIF GMEB_0
letter-probability matrix: alength= 4 w= 23
0.160651 0.442308 0.219822 0.177219
0.120118 0.524853 0.205325 0.149704
0.108876 0.578698 0.158580 0.153846
0.252408 0.306695 0.346878 0.094019
0.086614 0.634695 0.178450 0.100241
0.104444 0.215047 0.561731 0.118779
0.170779 0.439729 0.161184 0.228309
0.250004 0.257651 0.378351 0.113994
0.191502 0.391903 0.302431 0.114164
0.104547 0.156756 0.283615 0.455082
0.065384 0.276515 0.327158 0.330943
0.950794 0.011634 0.032940 0.004632
0.006321 0.985611 0.004883 0.003185
0.006468 0.004458 0.982045 0.007029
0.022572 0.265274 0.016151 0.696002
0.458750 0.198866 0.261409 0.080975
0.413165 0.290570 0.206395 0.089869
0.186298 0.349619 0.251167 0.212915
0.122755 0.241908 0.475964 0.159373
0.232723 0.234152 0.192905 0.340220
0.268339 0.289699 0.237103 0.204859
0.164380 0.286502 0.402254 0.146864
0.157888 0.290421 0.275110 0.276580

MOTIF CREB_0
letter-probability matrix: alength= 4 w= 16
0.534662 0.067867 0.097422 0.300049
0.278345 0.261086 0.279039 0.181531
0.084492 0.204492 0.119984 0.591031
0.057106 0.015113 0.786236 0.141545
0.185550 0.753571 0.007415 0.053464
0.017690 0.914385 0.044738 0.023187
0.981796 0.002013 0.013392 0.002800
0.000676 0.992277 0.001379 0.005667
0.019045 0.003527 0.976655 0.000773
0.004771 0.014610 0.003065 0.977553
0.067647 0.810094 0.100283 0.021976
0.822104 0.030390 0.096778 0.050728
0.053946 0.375584 0.149336 0.421134
0.147231 0.615324 0.117196 0.120250
0.525288 0.144407 0.180474 0.149831
0.247561 0.374390 0.184146 0.193902

MOTIF RUNX_0
letter-probability matrix: alength= 4 w= 22
0.093220 0.125235 0.417137 0.364407
0.155367 0.112053 0.418079 0.314501
0.142185 0.074388 0.401130 0.382298
0.208648 0.198445 0.303783 0.289123
0.175457 0.204882 0.214942 0.404718
0.098464 0.300439 0.087838 0.513259
0.018279 0.022328 0.017963 0.941431
0.008932 0.015867 0.961919 0.013283
0.116695 0.414226 0.005599 0.463480
0.007834 0.002923 0.986078 0.003166
0.005685 0.001574 0.989858 0.002883
0.002699 0.034746 0.041252 0.921303
0.069814 0.180510 0.068296 0.681380
0.327374 0.051877 0.154631 0.466117
0.156346 0.213549 0.333039 0.297066
0.097238 0.315053 0.263188 0.324520
0.016779 0.214094 0.667114 0.102013
0.011409 0.346309 0.561745 0.080537
0.004698 0.057047 0.630872 0.307383
0.030201 0.074497 0.445638 0.449664
0.109732 0.086913 0.145302 0.658053
0.147819 0.189430 0.187416 0.475336

MOTIF TCF_0
letter-probability matrix: alength= 4 w= 20
0.241999 0.255992 0.274003 0.228006
0.240476 0.268537 0.260526 0.230461
0.355589 0.212584 0.268723 0.163104
0.340706 0.158038 0.161830 0.339426
0.451181 0.175746 0.255827 0.117245
0.407829 0.282997 0.227376 0.081797
0.753403 0.042093 0.109481 0.095023
0.039995 0.382808 0.453118 0.124078
0.667486 0.041265 0.024925 0.266324
0.072997 0.015554 0.018000 0.893448
0.031854 0.847864 0.106290 0.013992
0.981639 0.005140 0.002872 0.010349
0.957064 0.011032 0.027761 0.004143
0.962868 0.002129 0.017886 0.017117
0.078006 0.034942 0.875485 0.011567
0.218326 0.175577 0.513877 0.092220
0.313273 0.249228 0.321587 0.115912
0.483149 0.119486 0.160082 0.237284
0.375760 0.105297 0.087440 0.431504
0.234472 0.246490 0.258508 0.260531

MOTIF HOX_1
letter-probability matrix: alength= 4 w= 16
0.414634 0.190244 0.219512 0.175610
0.353989 0.154603 0.305855 0.185552
0.206408 0.237948 0.406975 0.148669
0.174949 0.450811 0.069719 0.304520
0.208406 0.611463 0.043663 0.136469
0.871273 0.033757 0.076561 0.018409
0.007928 0.020910 0.032394 0.938768
0.497446 0.313173 0.047333 0.142048
0.834367 0.082077 0.009527 0.074028
0.865675 0.047334 0.052776 0.034215
0.029459 0.014854 0.014485 0.941202
0.040535 0.867258 0.011978 0.080228
0.784706 0.049505 0.013026 0.152763
0.201946 0.243763 0.133346 0.420945
0.264264 0.233495 0.191952 0.310289
0.242007 0.285927 0.164130 0.307936

MOTIF E2F_1
letter-probability matrix: alength= 4 w= 19
0.300898 0.324850 0.235030 0.139222
0.314956 0.204486 0.281478 0.199080
0.265709 0.186126 0.326981 0.221184
0.279350 0.146457 0.149588 0.424605
0.219680 0.117072 0.154721 0.508528
0.223637 0.107300 0.115778 0.553285
0.104278 0.096604 0.165237 0.633882
0.024450 0.078648 0.893904 0.002998
0.002003 0.006169 0.990889 0.000938
0.002025 0.979104 0.001247 0.017623
0.002215 0.001120 0.995550 0.001114
0.001801 0.982740 0.011989 0.003470
0.021963 0.744524 0.178912 0.054601
0.642814 0.192136 0.030035 0.135016
0.378092 0.161068 0.113172 0.347668
0.324836 0.152006 0.128218 0.394940
0.245653 0.159055 0.184465 0.410828
0.144836 0.222472 0.419053 0.213639
0.176598 0.404117 0.178765 0.240520

MOTIF DMRT-DMRTA_0
letter-probability matrix: alength= 4 w= 17
0.271334 0.179294 0.310486 0.238887
0.385143 0.222387 0.190319 0.202152
0.326949 0.336038 0.157826 0.179187
0.622792 0.124716 0.141046 0.111446
0.591294 0.104510 0.080443 0.223754
0.079405 0.030196 0.009421 0.880978
0.000308 0.000367 0.999191 0.000134
0.002018 0.006924 0.002281 0.988777
0.826788 0.003538 0.026228 0.143447
0.322960 0.001244 0.220860 0.454937
0.001001 0.989000 0.009151 0.000848
0.643393 0.113147 0.177303 0.066157
0.626308 0.069823 0.098864 0.205005
0.220585 0.133117 0.112576 0.533722
0.200704 0.127782 0.148586 0.522929
0.129812 0.192342 0.176923 0.500923
0.202195 0.234909 0.271748 0.291147

MOTIF RFX_0
letter-probability matrix: alength= 4 w= 21
0.068235 0.560001 0.301176 0.070588
0.126292 0.391517 0.278845 0.203347
0.141316 0.067251 0.729873 0.061559
0.043709 0.062335 0.133643 0.760313
0.139959 0.285175 0.083055 0.491811
0.216819 0.151143 0.371165 0.260873
0.025474 0.744398 0.103212 0.126916
0.018165 0.909741 0.010400 0.061695
0.640526 0.218403 0.030310 0.110761
0.054303 0.076998 0.025904 0.842795
0.348669 0.003272 0.645247 0.002812
0.075745 0.003452 0.916667 0.004137
0.061020 0.797559 0.019081 0.122340
0.892747 0.016131 0.052192 0.038931
0.962650 0.009522 0.022801 0.005026
0.004330 0.981249 0.003579 0.010842
0.307069 0.337606 0.228932 0.126393
0.265272 0.213085 0.412598 0.109044
0.164059 0.406591 0.303081 0.126269
0.249361 0.268542 0.324382 0.157715
0.264280 0.284740 0.289003 0.161978

MOTIF ALX-PHOX_0
letter-probability matrix: alength= 4 w= 24
0.198569 0.410566 0.201295 0.189571
0.222028 0.285926 0.288384 0.203661
0.199654 0.295500 0.294361 0.210485
0.200233 0.263348 0.303599 0.232820
0.281365 0.279293 0.263485 0.175856
0.306785 0.215025 0.291132 0.187057
0.154579 0.316536 0.196507 0.332378
0.077642 0.038534 0.019732 0.864091
0.897700 0.012742 0.049602 0.039956
0.977161 0.007152 0.010992 0.004695
0.034409 0.095906 0.020386 0.849299
0.016396 0.503625 0.074183 0.405796
0.264935 0.149723 0.053827 0.531514
0.845338 0.024078 0.117714 0.012870
0.967177 0.004324 0.020916 0.007583
0.003181 0.001284 0.001216 0.994319
0.023676 0.030047 0.005942 0.940334
0.903237 0.010477 0.037059 0.049227
0.293046 0.176932 0.358309 0.171713
0.169174 0.347680 0.226402 0.256743
0.201483 0.260397 0.254336 0.283784
0.264782 0.261228 0.272750 0.201240
0.254017 0.247161 0.272033 0.226789
0.204265 0.266365 0.314376 0.214994

MOTIF PAX_0
letter-probability matrix: alength= 4 w= 20
0.147187 0.390576 0.177606 0.284631
0.074809 0.595457 0.258068 0.071666
0.020992 0.016840 0.901718 0.060450
0.058265 0.044349 0.018900 0.878486
0.013386 0.838308 0.004037 0.144270
0.932539 0.047030 0.013687 0.006744
0.004902 0.887326 0.000981 0.106791
0.004450 0.002396 0.992427 0.000727
0.001499 0.817334 0.180800 0.000367
0.392440 0.028106 0.023835 0.555618
0.009552 0.159738 0.001187 0.829523
0.016237 0.346789 0.608296 0.028678
0.777144 0.012982 0.203887 0.005987
0.174867 0.352172 0.255490 0.217472
0.020875 0.195712 0.037566 0.745848
0.194371 0.014195 0.707001 0.084433
0.355189 0.397105 0.233263 0.014443
0.284506 0.261998 0.188831 0.264664
0.079717 0.479731 0.105909 0.334643
0.325311 0.267552 0.173584 0.233552

MOTIF MEF_0
letter-probability matrix: alength= 4 w= 16
0.294528 0.145415 0.260809 0.299248
0.278181 0.075945 0.258472 0.387401
0.107348 0.064766 0.405672 0.422214
0.028681 0.804134 0.035201 0.131984
0.002175 0.026754 0.001552 0.969519
0.958803 0.009788 0.013751 0.017658
0.053365 0.010038 0.004184 0.932413
0.075670 0.005825 0.007061 0.911444
0.068731 0.032018 0.004378 0.894873
0.285072 0.069472 0.009904 0.635552
0.086853 0.026208 0.058330 0.828609
0.719169 0.003273 0.269075 0.008484
0.091588 0.029146 0.790253 0.089012
0.335248 0.383604 0.083166 0.197982
0.328363 0.247530 0.099981 0.324125
0.229516 0.306021 0.145315 0.319149

MOTIF NKX_0
letter-probability matrix: alength= 4 w= 12
0.414000 0.134000 0.283000 0.169000
0.327816 0.220010 0.267337 0.184838
0.175645 0.474422 0.318423 0.031510
0.008030 0.888146 0.003473 0.100351
0.852633 0.045539 0.003333 0.098495
0.003289 0.987951 0.002820 0.005940
0.006003 0.007393 0.000684 0.985920
0.007164 0.252943 0.016161 0.723732
0.366656 0.216699 0.367912 0.048734
0.669791 0.073343 0.098624 0.158242
0.278606 0.273669 0.326268 0.121457
0.302378 0.368630 0.189128 0.139864

MOTIF GLI_0
letter-probability matrix: alength= 4 w= 20
0.225993 0.269040 0.182947 0.322020
0.269868 0.276490 0.236755 0.216887
0.228477 0.248344 0.281457 0.241722
0.218543 0.350993 0.208609 0.221854
0.239245 0.272406 0.247521 0.240828
0.266492 0.107571 0.450731 0.175206
0.144883 0.675771 0.133387 0.045960
0.122949 0.033832 0.806180 0.037038
0.887056 0.101995 0.003156 0.007793
0.008493 0.989495 0.000472 0.001539
0.001428 0.988996 0.004491 0.005085
0.788608 0.203828 0.001631 0.005933
0.006782 0.972179 0.003116 0.017923
0.111720 0.739005 0.065407 0.083868
0.205514 0.296483 0.352476 0.145527
0.465019 0.223907 0.105489 0.205585
0.334171 0.270791 0.236709 0.158328
0.196879 0.588235 0.090036 0.124850
0.306723 0.420768 0.106242 0.166267
0.297719 0.380552 0.106843 0.214886

MOTIF GATA_1
letter-probability matrix: alength= 4 w= 14
0.188175 0.349332 0.163507 0.298987
0.488721 0.105797 0.289773 0.115709
0.434076 0.219223 0.295451 0.051250
0.136982 0.168539 0.193129 0.501350
0.248068 0.285181 0.180185 0.286566
0.003541 0.015259 0.978534 0.002666
0.989017 0.001646 0.005396 0.003940
0.003124 0.001882 0.009662 0.985333
0.298475 0.522189 0.065999 0.113338
0.445601 0.219855 0.243741 0.090803
0.098649 0.421585 0.277077 0.202689
0.173238 0.329148 0.227708 0.269906
0.357947 0.126086 0.279797 0.236170
0.193175 0.243619 0.169676 0.393530

MOTIF NFI_0
letter-probability matrix: alength= 4 w= 11
0.225295 0.228052 0.213492 0.333161
0.342914 0.159996 0.174460 0.322629
0.109672 0.517014 0.169844 0.203469
0.025037 0.190212 0.017295 0.767456
0.010701 0.007754 0.022015 0.959530
